list of variable names:
0: lambda
1: likelihood
2: log.lik
3: log.likelihood
4: neffect
5: sar.phi
6: sar.tau
7: sas.phi
8: sas.tau
9: seffect
10: sieffect
11: theta
12: w
13: y_pred
coeficients stats: 
->>>->>->>lambda
####################
mean: [[  65603.84034254   64668.61027905]
 [  24322.02478185   21954.03749681]
 [ 114512.70831101  106373.62210328]
 [  23394.82101735   20251.2902854 ]
 [  20036.82472617   20058.2485125 ]
 [   9121.33989782   10544.79434031]
 [ 145679.8539651   138174.49861396]
 [ 317197.21305239  305203.77941247]
 [ 231919.6022074   222814.28042007]
 [ 256975.64485224  262294.23536595]
 [ 171876.8169618   171757.29085317]
 [ 191196.91462411  189620.80437192]
 [ 303732.9601364   299367.08376571]
 [ 114164.78398122  111727.76369693]
 [  64693.74893123   65386.63898599]
 [  80050.00552692   78372.83190919]
 [ 121968.22557728  117771.35654658]
 [ 173779.79816846  170557.26258275]
 [  42600.89278078   43159.15548809]
 [  17707.89105382   17410.32947574]
 [  16743.77770725   17136.61610682]
 [  25554.4983123    26323.03146924]
 [  31451.85859621   32708.73901676]
 [ 570247.01112774  553829.20422254]
 [ 316002.13452201  309779.08836141]
 [ 142528.86653267  137463.3235724 ]
 [ 275915.34128901  277766.4586121 ]
 [ 162819.8715485   160937.10107156]
 [ 157799.79998508  156416.53490495]
 [  38681.49849992   37498.95691388]
 [ 144774.85417217  143370.89452715]
 [  97539.3380539    97164.44920884]
 [  85771.21150724   82745.12632463]
 [ 196030.80117584  189850.7851298 ]
 [  97386.44143873   97677.79528354]
 [ 157701.07607009  154392.41451699]
 [ 114064.84135064  117026.84492215]
 [ 779216.29824567  768960.39610767]
 [ 207177.81190655  206437.74211616]
 [ 144063.79022644  151831.78648628]
 [  28910.56643603   29358.82460661]
 [  27282.40286324   27969.85423617]
 [  77122.2716847    76062.4801187 ]
 [  77235.01041711   81909.6425842 ]
 [  89794.35100699   90062.76565515]
 [  11160.45267232   11450.35432896]
 [  20873.02208933   24809.01474676]
 [1024901.40811528 1002077.95493891]
 [  45364.05773562   42778.9420231 ]
 [ 119749.11878277  121351.02194822]
 [ 249475.52593619  254653.81305085]
 [  37695.50897991   35221.62021854]]
median: [[  65603.47724775   64667.68436937]
 [  24321.84246812   21953.47786698]
 [ 114513.24755651  106372.53398506]
 [  23394.76405851   20250.83349627]
 [  20037.13455346   20057.72895933]
 [   9120.94814846   10544.24147038]
 [ 145680.7744277   138173.2867901 ]
 [ 317195.74248975  305204.18764028]
 [ 231919.01590703  222812.33685525]
 [ 256975.60525953  262294.50372493]
 [ 171876.61000627  171755.73760733]
 [ 191196.03205899  189621.2184792 ]
 [ 303734.4994428   299365.70140135]
 [ 114163.55926296  111728.02050517]
 [  64692.65853084   65386.25056349]
 [  80050.55972997   78373.07395799]
 [ 121967.64503996  117770.83125173]
 [ 173778.7653331   170557.24021334]
 [  42600.15619379   43159.02821612]
 [  17707.21465202   17410.18618208]
 [  16743.58558965   17136.36732401]
 [  25553.7833853    26322.62570196]
 [  31451.7431933    32708.64105727]
 [ 570250.25234014  553826.71357194]
 [ 316002.2507693   309778.29045134]
 [ 142529.60151073  137462.50458101]
 [ 275913.79934407  277766.15246068]
 [ 162818.00011179  160937.57430952]
 [ 157799.6636748   156416.51159389]
 [  38680.80336707   37498.46235726]
 [ 144775.07505032  143371.01430842]
 [  97538.27459751   97163.35758173]
 [  85771.26206934   82744.97332312]
 [ 196029.86008604  189850.85118842]
 [  97385.12430434   97677.82868321]
 [ 157700.52799861  154392.8573972 ]
 [ 114065.75410982  117026.0766767 ]
 [ 779219.14042001  768958.58988366]
 [ 207177.81005118  206436.02157483]
 [ 144063.18527218  151831.21266174]
 [  28910.05321761   29358.62260907]
 [  27281.6684632    27970.06683965]
 [  77122.18439541   76062.03562837]
 [  77234.40040128   81909.47627277]
 [  89793.74298166   90062.67292639]
 [  11159.79421732   11449.9219985 ]
 [  20872.53576034   24808.53219696]
 [1024901.60421499 1002075.9409907 ]
 [  45363.57788411   42778.36741273]
 [ 119749.01196515  121350.42554041]
 [ 249476.23592066  254655.43939725]
 [  37694.31562907   35221.51431156]]
std: [[ 255.24930623  253.73429553]
 [ 154.60344893  146.81000877]
 [ 338.89243393  326.32934576]
 [ 152.3431018   141.74956743]
 [ 139.38421253  139.40232449]
 [  93.75548359  100.85511556]
 [ 380.34587684  371.66111512]
 [ 560.31992526  549.93773007]
 [ 481.17635354  472.19130462]
 [ 506.36214681  509.15113366]
 [ 415.30571325  414.01783509]
 [ 435.69201487  434.84777806]
 [ 549.97843362  544.2205053 ]
 [ 337.23084271  331.17751105]
 [ 253.28126576  256.02128407]
 [ 281.14459751  280.11134902]
 [ 351.164105    345.24670967]
 [ 416.42966712  411.67682956]
 [ 204.87013721  206.3515577 ]
 [ 131.48156148  130.34150934]
 [ 127.10596616  129.46822844]
 [ 159.52390396  161.82399748]
 [ 176.44953934  180.54685829]
 [ 755.3777868   742.08254729]
 [ 560.32966759  556.83730567]
 [ 381.75049218  372.8007699 ]
 [ 520.59147056  527.75498057]
 [ 403.72250354  401.45588716]
 [ 396.60957445  394.97759908]
 [ 196.13510085  192.6799499 ]
 [ 382.07092419  378.5472526 ]
 [ 311.6973167   310.6721495 ]
 [ 291.13770874  285.67611562]
 [ 442.4979674   435.05090251]
 [ 311.70812776  312.91354421]
 [ 398.81281035  395.05846334]
 [ 336.98647896  340.88938064]
 [ 881.18431635  875.81480252]
 [ 456.30007013  454.45922013]
 [ 378.23614207  387.71641256]
 [ 170.13937768  170.425276  ]
 [ 164.49137569  166.91715887]
 [ 277.20037605  274.94536494]
 [ 277.87511525  286.44749475]
 [ 300.54209271  299.84567802]
 [ 104.26065497  105.31742019]
 [ 144.5679516   157.08857475]
 [1012.18932654  997.30457762]
 [ 211.73127159  205.74535628]
 [ 344.56068531  346.31704111]
 [ 498.56107849  502.5044996 ]
 [ 193.72850652  187.07057873]]
95 confidence interval:[[[  65100.17120853   64174.86659538]
  [  24019.48587887   21667.58374561]
  [ 113847.37667486  105740.04736451]
  [  23096.85618831   19975.05082287]
  [  19763.21762994   19786.2871303 ]
  [   8938.50426102   10348.19481106]
  [ 144932.26021244  137450.94593698]
  [ 316104.27599881  304124.8221245 ]
  [ 230978.84161734  221889.62732376]
  [ 255986.85576633  261296.89303904]
  [ 171065.53473772  170945.91879224]
  [ 190346.55287071  188769.26919372]
  [ 302651.7081453   298299.76135709]
  [ 113505.32006232  111078.99174598]
  [  64198.22973869   64884.85093874]
  [  79500.30916618   77827.02615809]
  [ 121284.0893412   117095.68434879]
  [ 172965.2320902   169750.51025988]
  [  42200.62638608   42756.58813691]
  [  17450.44043282   17155.05177464]
  [  16495.58455066   16884.07183784]
  [  25242.7316921    26006.10479383]
  [  31106.68310774   32355.96979089]
  [ 568753.43266594  552380.755211  ]
  [ 314907.19347889  308687.99942685]
  [ 141782.39291169  136734.02643964]
  [ 274896.81697021  276736.59265852]
  [ 162028.7299206   160148.68395523]
  [ 157023.11172985  155644.68769075]
  [  38298.40455152   37123.26233291]
  [ 144026.70647743  142629.69043622]
  [  96930.24707018   96556.53598841]
  [  85202.86306787   82185.17780009]
  [ 195162.55285876  188999.85160228]
  [  96776.88300646   97065.87432999]
  [ 156918.40542954  153620.14393673]
  [ 113401.85501257  116359.71950987]
  [ 777481.42104591  767253.30943082]
  [ 206281.46760186  205552.67774364]
  [ 143323.65707759  151075.88098153]
  [  28578.26869063   29025.32307155]
  [  26961.90713729   27643.18609786]
  [  76583.48991136   75528.48999388]
  [  76692.92956304   81349.72070041]
  [  89204.59010556   89475.04947212]
  [  10956.63738356   11245.1831986 ]
  [  20590.75475214   24502.76478294]
  [1022917.04382305 1000130.00367957]
  [  44949.71022913   42376.65688306]
  [ 119077.30423674  120674.65708968]
  [ 248500.86051664  253666.60529265]
  [  37318.16077014   34856.4385306 ]]

 [[  66103.43552669   65169.17503488]
  [  24625.24009935   22242.81545274]
  [ 115176.42360938  107016.74731354]
  [  23694.60555222   20529.90943948]
  [  20309.63429695   20332.04928769]
  [   9305.56331656   10743.63229411]
  [ 146419.51224765  138903.06648885]
  [ 318296.95415514  306283.15361481]
  [ 232864.4870536   223744.75391666]
  [ 257965.21809036  263290.88223297]
  [ 172689.90219592  172569.81441694]
  [ 192052.71260158  190470.5284692 ]
  [ 304808.66553097  300437.98171611]
  [ 114829.71964126  112375.94607735]
  [  65191.0026614    65889.70383642]
  [  80596.99468975   78922.06131501]
  [ 122658.14264984  118449.04376637]
  [ 174596.54802005  171359.96467357]
  [  43001.53810907   43564.9141251 ]
  [  17966.0490661    17666.36362366]
  [  16993.35162009   17390.84398386]
  [  25867.99469954   26641.01451509]
  [  31798.15429325   33063.03945622]
  [ 571719.56552181  555290.45243619]
  [ 317105.08349479  310867.6757399 ]
  [ 143277.7927726   138195.31043667]
  [ 276937.78873585  278803.5231954 ]
  [ 163615.69673994  161718.86763504]
  [ 158575.94393643  157194.23378613]
  [  39066.53584524   37876.16860704]
  [ 145526.72263201  144112.97485845]
  [  98154.72377857   97771.68799059]
  [  86342.75081341   83307.08410509]
  [ 196902.46667516  190702.88406714]
  [  97998.40129      98289.55725593]
  [ 158480.47724977  155166.31297744]
  [ 114726.67427983  117695.40409975]
  [ 780933.38857248  770687.58757464]
  [ 208074.90460051  207329.39364905]
  [ 144804.39598382  152596.21696187]
  [  29245.13973431   29693.33090874]
  [  27606.72000585   28296.73860884]
  [  77667.02554081   76603.27717175]
  [  77783.62937198   82470.05658241]
  [  90385.16771882   90651.86601255]
  [  11365.60893168   11656.87238928]
  [  21156.97137165   25118.17177024]
  [1026880.53586361 1004035.65772936]
  [  45780.24291115   43184.30227406]
  [ 120428.13887834  122034.05675551]
  [ 250459.18372722  255634.97280226]
  [  38077.35509186   35589.32630413]]]
####################
->>>->>->>likelihood
####################
mean: [[0.0011029  0.00111115]
 [0.00178722 0.00187682]
 [0.00083074 0.00086274]
 [0.0017793  0.00191129]
 [0.00200901 0.00200782]
 [0.00273108 0.00254991]
 [0.00073991 0.0007581 ]
 [0.000502   0.00051189]
 [0.00058595 0.0005981 ]
 [0.00055526 0.00055199]
 [0.00067975 0.00068152]
 [0.00064571 0.00064782]
 [0.00051281 0.00051717]
 [0.00083561 0.0008476 ]
 [0.00111163 0.00110263]
 [0.00099969 0.00100695]
 [0.00080478 0.00081934]
 [0.00067696 0.00068423]
 [0.00137201 0.00136251]
 [0.00213023 0.00215037]
 [0.0021969  0.00216659]
 [0.00176559 0.00173998]
 [0.00159348 0.00155933]
 [0.00037352 0.00037961]
 [0.00050273 0.00050653]
 [0.00074244 0.00075826]
 [0.00053984 0.00053484]
 [0.0006988  0.00070212]
 [0.00071007 0.00071383]
 [0.00143321 0.00145791]
 [0.0007397  0.00074517]
 [0.00090448 0.00090597]
 [0.00096503 0.00098365]
 [0.00063728 0.00064747]
 [0.0009047  0.00090165]
 [0.00070885 0.00071629]
 [0.00083663 0.00082533]
 [0.00031979 0.00032173]
 [0.00061879 0.00062043]
 [0.00074395 0.0007253 ]
 [0.00165904 0.00165176]
 [0.00171103 0.0016867 ]
 [0.00101583 0.00102381]
 [0.00101511 0.00098406]
 [0.00094104 0.0009409 ]
 [0.00268275 0.00264957]
 [0.00185375 0.00171031]
 [0.00027836 0.00028214]
 [0.00132268 0.00136375]
 [0.00081668 0.00081226]
 [0.00056587 0.00056028]
 [0.00144962 0.00150293]]
median: [[0.00124096 0.00125211]
 [0.0020155  0.00211528]
 [0.00093546 0.00097173]
 [0.00200784 0.00215614]
 [0.00226253 0.00225793]
 [0.00306838 0.00286299]
 [0.00083325 0.00085359]
 [0.0005655  0.00057676]
 [0.00066057 0.00067397]
 [0.00062331 0.00062159]
 [0.00076556 0.00076827]
 [0.00072754 0.00072919]
 [0.00057793 0.00058241]
 [0.00094075 0.00095421]
 [0.00125396 0.00124243]
 [0.00112537 0.00113378]
 [0.0009062  0.00092255]
 [0.00076182 0.00077061]
 [0.00154554 0.00153316]
 [0.00239863 0.00242104]
 [0.00246924 0.00244128]
 [0.00198878 0.00195938]
 [0.00179455 0.00175569]
 [0.00042111 0.00042734]
 [0.00056632 0.00057071]
 [0.00083586 0.0008548 ]
 [0.00060804 0.00060273]
 [0.00078767 0.00079046]
 [0.00079932 0.00080444]
 [0.00161334 0.00164123]
 [0.00083308 0.00083953]
 [0.00101889 0.00101923]
 [0.00108692 0.00110646]
 [0.00071808 0.00072951]
 [0.0010203  0.00101664]
 [0.0007989  0.00080758]
 [0.00094237 0.00092921]
 [0.00036019 0.00036206]
 [0.00069763 0.00069817]
 [0.00083814 0.00081643]
 [0.00186722 0.00185911]
 [0.00192805 0.00189981]
 [0.00114267 0.00115442]
 [0.00114463 0.00110925]
 [0.00106072 0.00105929]
 [0.00302288 0.00298338]
 [0.002091   0.00192876]
 [0.00031326 0.00031761]
 [0.00149092 0.00153677]
 [0.0009196  0.00091523]
 [0.00063775 0.0006308 ]
 [0.00163124 0.00169255]]
std: [[0.00043216 0.00043575]
 [0.00072296 0.00076558]
 [0.00032941 0.00034171]
 [0.00075916 0.00082085]
 [0.00077508 0.00077357]
 [0.00127722 0.00116945]
 [0.00029013 0.00029882]
 [0.0001966  0.0002004 ]
 [0.00023061 0.00023527]
 [0.00021805 0.00021559]
 [0.00026793 0.0002677 ]
 [0.00025336 0.00025425]
 [0.00020106 0.00020194]
 [0.00032782 0.00032976]
 [0.00043518 0.00043455]
 [0.00039066 0.00039636]
 [0.00031928 0.00032497]
 [0.00026592 0.00026804]
 [0.00053428 0.00053138]
 [0.00082767 0.0008343 ]
 [0.00084478 0.00084114]
 [0.00069385 0.00068321]
 [0.00062459 0.00061279]
 [0.00014703 0.0001487 ]
 [0.00019694 0.0001993 ]
 [0.00029657 0.00030048]
 [0.00020971 0.00021064]
 [0.00027535 0.00027674]
 [0.00027864 0.00028032]
 [0.00056302 0.00057134]
 [0.00029254 0.00029296]
 [0.00035481 0.00035472]
 [0.00037753 0.00038396]
 [0.00025054 0.00025445]
 [0.00035561 0.00035571]
 [0.00028025 0.00028355]
 [0.00032776 0.00032327]
 [0.00012564 0.00012619]
 [0.0002443  0.00024408]
 [0.00029189 0.00028381]
 [0.00065242 0.00064475]
 [0.00067113 0.00066296]
 [0.0003988  0.00040157]
 [0.00040036 0.00038865]
 [0.00037139 0.00036939]
 [0.00104533 0.00102838]
 [0.00082279 0.00074456]
 [0.00010954 0.0001106 ]
 [0.00052122 0.0005377 ]
 [0.00031965 0.0003173 ]
 [0.00022209 0.00021887]
 [0.00057181 0.00059213]]
95 confidence interval:[[[1.27282617e-04 1.28125942e-04]
  [1.83834227e-04 1.88127537e-04]
  [9.39387489e-05 9.51690916e-05]
  [1.48904938e-04 1.58988030e-04]
  [2.45072248e-04 2.50083545e-04]
  [1.73186642e-04 1.69845479e-04]
  [8.63062134e-05 8.57600720e-05]
  [5.81997791e-05 5.84928719e-05]
  [6.67151857e-05 6.68018303e-05]
  [6.59309496e-05 6.59246539e-05]
  [7.65109210e-05 7.81359238e-05]
  [7.63813513e-05 7.55717728e-05]
  [5.90061071e-05 5.97348522e-05]
  [9.51608251e-05 1.01767554e-04]
  [1.29641601e-04 1.25221359e-04]
  [1.18384008e-04 1.15522147e-04]
  [8.93469892e-05 9.10622170e-05]
  [7.73758266e-05 7.91906509e-05]
  [1.62749213e-04 1.59211660e-04]
  [2.55140540e-04 2.57752642e-04]
  [2.74626365e-04 2.62643562e-04]
  [2.01614861e-04 1.95619832e-04]
  [1.88420178e-04 1.79463719e-04]
  [4.23885873e-05 4.40202040e-05]
  [5.83134545e-05 5.86472322e-05]
  [7.98709575e-05 8.50228494e-05]
  [6.28255040e-05 6.05541730e-05]
  [7.96013108e-05 8.13360844e-05]
  [8.38695830e-05 8.22259453e-05]
  [1.66014665e-04 1.72229279e-04]
  [8.48468852e-05 8.53778034e-05]
  [1.04140951e-04 1.06752085e-04]
  [1.14268513e-04 1.14382707e-04]
  [7.21636494e-05 7.61053955e-05]
  [1.05167929e-04 1.04057338e-04]
  [7.96011837e-05 7.91165327e-05]
  [9.53226080e-05 9.72883327e-05]
  [3.70775335e-05 3.68114894e-05]
  [7.02377552e-05 7.08648094e-05]
  [8.63622617e-05 8.52306205e-05]
  [1.89683439e-04 1.91483610e-04]
  [1.99524801e-04 1.95626103e-04]
  [1.16472354e-04 1.17922402e-04]
  [1.11774463e-04 1.10926962e-04]
  [1.05157558e-04 1.07356939e-04]
  [3.27179067e-04 3.20447362e-04]
  [1.36528760e-04 1.34984662e-04]
  [3.26163743e-05 3.34436094e-05]
  [1.49091286e-04 1.52493466e-04]
  [9.48920834e-05 9.58017483e-05]
  [6.44788763e-05 6.47131249e-05]
  [1.61278927e-04 1.68837767e-04]]

 [[1.55675482e-03 1.56807600e-03]
  [2.55462547e-03 2.69361313e-03]
  [1.17817467e-03 1.22275361e-03]
  [2.60355283e-03 2.80573373e-03]
  [2.81684761e-03 2.81558521e-03]
  [4.18747205e-03 3.87197331e-03]
  [1.04462736e-03 1.07279106e-03]
  [7.07953590e-04 7.21808093e-04]
  [8.27951194e-04 8.44780252e-04]
  [7.86582087e-04 7.78536616e-04]
  [9.61798580e-04 9.62147404e-04]
  [9.11912855e-04 9.15683431e-04]
  [7.23514762e-04 7.28782955e-04]
  [1.18009384e-03 1.19296707e-03]
  [1.56779780e-03 1.55932589e-03]
  [1.40929852e-03 1.42435865e-03]
  [1.14171546e-03 1.16199671e-03]
  [9.56516724e-04 9.65564411e-04]
  [1.93206703e-03 1.91931963e-03]
  [2.99581528e-03 3.02291038e-03]
  [3.08200381e-03 3.04561264e-03]
  [2.49484013e-03 2.45717814e-03]
  [2.24871523e-03 2.20456225e-03]
  [5.28033980e-04 5.35817133e-04]
  [7.09321750e-04 7.16442748e-04]
  [1.05612556e-03 1.07553035e-03]
  [7.59117157e-04 7.56570151e-04]
  [9.88181847e-04 9.93974401e-04]
  [1.00379379e-03 1.00823507e-03]
  [2.02710983e-03 2.05948147e-03]
  [1.04792686e-03 1.05313380e-03]
  [1.27672683e-03 1.27927935e-03]
  [1.36143680e-03 1.38634763e-03]
  [9.00551999e-04 9.15175756e-04]
  [1.27768706e-03 1.27586524e-03]
  [1.00408633e-03 1.01481188e-03]
  [1.18068325e-03 1.16552242e-03]
  [4.51703372e-04 4.54717468e-04]
  [8.76029263e-04 8.77610511e-04]
  [1.05060803e-03 1.02328566e-03]
  [2.34509293e-03 2.32726782e-03]
  [2.41440365e-03 2.38397463e-03]
  [1.43572777e-03 1.44594160e-03]
  [1.43498721e-03 1.39308247e-03]
  [1.33062631e-03 1.32875767e-03]
  [3.77616995e-03 3.72489412e-03]
  [2.76407446e-03 2.52785451e-03]
  [3.93867874e-04 3.98330056e-04]
  [1.87161226e-03 1.92850330e-03]
  [1.15227984e-03 1.14468864e-03]
  [7.98341599e-04 7.90158020e-04]
  [2.05316109e-03 2.12523546e-03]]]
####################
->>>->>->>log.lik
####################
mean: [-741.96351941]
median: [-741.64182597]
std: [7.27758054]
95 confidence interval:[[-757.15386241]
 [-728.64997939]]
####################
->>>->>->>log.likelihood
####################
mean: [[-6.96159882 -6.95530045]
 [-6.49271094 -6.44653276]
 [-7.25007122 -7.21213449]
 [-6.51984902 -6.45129943]
 [-6.35655182 -6.35653254]
 [-6.13440382 -6.193157  ]
 [-7.36173172 -7.33858675]
 [-7.7487734  -7.72954182]
 [-7.59625829 -7.57706258]
 [-7.64650474 -7.65202769]
 [-7.44797123 -7.44486427]
 [-7.49594248 -7.49393704]
 [-7.72903074 -7.71845422]
 [-7.23992283 -7.22189024]
 [-6.95361155 -6.96441745]
 [-7.05848231 -7.0542648 ]
 [-7.28136374 -7.26410918]
 [-7.45089751 -7.43934522]
 [-6.74145742 -6.74882789]
 [-6.30028225 -6.29080923]
 [-6.264692   -6.28332855]
 [-6.49253908 -6.5081708 ]
 [-6.59274497 -6.61597865]
 [-8.04667024 -8.02863947]
 [-7.74769256 -7.74131776]
 [-7.36511817 -7.34109292]
 [-7.67398267 -7.68756694]
 [-7.42003191 -7.41424398]
 [-7.40194341 -7.39780467]
 [-6.70008627 -6.68159476]
 [-7.36497901 -7.35549713]
 [-7.16118373 -7.15785209]
 [-7.09404078 -7.07472872]
 [-7.51212705 -7.49498285]
 [-7.16116253 -7.16494742]
 [-7.40765318 -7.39809926]
 [-7.2393388  -7.2510393 ]
 [-8.2004408  -8.19418895]
 [-7.54222371 -7.53809345]
 [-7.35569695 -7.38044688]
 [-6.55564232 -6.55726884]
 [-6.52232071 -6.53736059]
 [-7.04527423 -7.03687479]
 [-7.04922921 -7.07954471]
 [-7.1246094  -7.12228402]
 [-6.06919366 -6.08108   ]
 [-6.49720594 -6.56878302]
 [-8.33889904 -8.32402756]
 [-6.7816876  -6.75287273]
 [-7.2612821  -7.2664206 ]
 [-7.63065943 -7.63857379]
 [-6.69207419 -6.6558777 ]]
median: [[-6.69187275 -6.682922  ]
 [-6.20688899 -6.15856979]
 [-6.97446888 -6.93642786]
 [-6.21069738 -6.13943386]
 [-6.09127064 -6.09330649]
 [-5.78660596 -5.85588815]
 [-7.09017477 -7.06606117]
 [-7.47779697 -7.4580773 ]
 [-7.32240556 -7.30233016]
 [-7.38047165 -7.3832279 ]
 [-7.17489891 -7.17136479]
 [-7.22583981 -7.22357387]
 [-7.45605581 -7.44833861]
 [-6.96883222 -6.95462371]
 [-6.68145014 -6.69068387]
 [-6.78964093 -6.78219739]
 [-7.00624836 -6.98836589]
 [-7.17980295 -7.16832431]
 [-6.4723828  -6.48042706]
 [-6.03285592 -6.02355881]
 [-6.00384632 -6.01523236]
 [-6.22023489 -6.23512472]
 [-6.32300081 -6.3448913 ]
 [-7.77260949 -7.75793696]
 [-7.47634564 -7.46862768]
 [-7.08704426 -7.06464292]
 [-7.40527032 -7.41403619]
 [-7.14643026 -7.14289404]
 [-7.1317542  -7.1253659 ]
 [-6.42944569 -6.4123121 ]
 [-7.09037891 -7.0826696 ]
 [-6.88903978 -6.88870601]
 [-6.82441153 -6.80658848]
 [-7.2389261  -7.22313193]
 [-6.88765825 -6.8912565 ]
 [-7.13227453 -7.12147268]
 [-6.96710738 -6.98117093]
 [-7.92887815 -7.92368864]
 [-7.26781917 -7.26704483]
 [-7.08432912 -7.11056522]
 [-6.28330197 -6.28765861]
 [-6.25124358 -6.26600362]
 [-6.77438468 -6.76415739]
 [-6.77267043 -6.8040745 ]
 [-6.84880648 -6.85015451]
 [-5.80154542 -5.81469712]
 [-6.1701144  -6.25087914]
 [-8.06846821 -8.05469869]
 [-6.5083626  -6.47807122]
 [-6.99156704 -6.99633612]
 [-7.35755709 -7.3685274 ]
 [-6.41841327 -6.38152034]]
std: [[0.70170662 0.70774958]
 [0.74177277 0.74813449]
 [0.71725211 0.71765129]
 [0.79881585 0.80596655]
 [0.68823485 0.68742241]
 [0.89544268 0.87267603]
 [0.7079178  0.70885955]
 [0.70321701 0.70404913]
 [0.70922762 0.71674925]
 [0.69489148 0.69634908]
 [0.70950254 0.70952808]
 [0.69681688 0.70304489]
 [0.70968168 0.70132921]
 [0.70420496 0.69429122]
 [0.70130542 0.71018751]
 [0.698471   0.7065779 ]
 [0.71458276 0.71831789]
 [0.70646947 0.70486334]
 [0.70035523 0.69960871]
 [0.69362236 0.69564464]
 [0.67922517 0.69603254]
 [0.70642517 0.7118052 ]
 [0.69770171 0.70374708]
 [0.70965248 0.70478299]
 [0.70403787 0.70660989]
 [0.72459638 0.7160291 ]
 [0.69885082 0.71013245]
 [0.70765565 0.70376983]
 [0.70138387 0.70667323]
 [0.70220827 0.69850995]
 [0.71517638 0.70786694]
 [0.70758743 0.70179309]
 [0.69979816 0.69856412]
 [0.7079848  0.70427205]
 [0.70578531 0.70586688]
 [0.71499764 0.71785015]
 [0.70881345 0.7005851 ]
 [0.70404301 0.70455897]
 [0.70859298 0.70382029]
 [0.7034106  0.70326279]
 [0.7114546  0.70370769]
 [0.70066661 0.70244928]
 [0.70899183 0.70667316]
 [0.72040461 0.71589684]
 [0.71605743 0.7108903 ]
 [0.68942058 0.69033396]
 [0.8413727  0.82282809]
 [0.70123505 0.69907038]
 [0.70518968 0.71312347]
 [0.69975045 0.69918618]
 [0.70890444 0.70275944]
 [0.71618212 0.71682594]]
95 confidence interval:[[[ -8.96910062  -8.96249686]
  [ -8.60147615  -8.57839043]
  [ -9.2728676   -9.25985534]
  [ -8.81220246  -8.74668164]
  [ -8.3139575   -8.29371552]
  [ -8.66114069  -8.68062148]
  [ -9.35760897  -9.36395702]
  [ -9.751629    -9.74660566]
  [ -9.61507796  -9.61378008]
  [ -9.62690258  -9.62699808]
  [ -9.47807707  -9.45706064]
  [ -9.47977198  -9.49042772]
  [ -9.73786961  -9.72559492]
  [ -9.2599422   -9.19281923]
  [ -8.95073683  -8.98542752]
  [ -9.04157692  -9.0660483 ]
  [ -9.32298301  -9.30396758]
  [ -9.46683614  -9.44365231]
  [ -8.72330011  -8.74527605]
  [ -8.27369603  -8.26351018]
  [ -8.20009906  -8.24471272]
  [ -8.50915131  -8.53933742]
  [ -8.5768361   -8.6255375 ]
  [-10.0686314  -10.03086185]
  [ -9.74967771  -9.74397018]
  [ -9.43509826  -9.37259052]
  [ -9.67514945  -9.71197217]
  [ -9.43848     -9.4169208 ]
  [ -9.38624755  -9.40603967]
  [ -8.70343443  -8.66668395]
  [ -9.37466228  -9.3684244 ]
  [ -9.16976528  -9.14500137]
  [ -9.0769595   -9.07596066]
  [ -9.53657411  -9.4833914 ]
  [ -9.15995216  -9.17056849]
  [ -9.43848159  -9.44458869]
  [ -9.25824355  -9.2378315 ]
  [-10.20249934 -10.20970055]
  [ -9.56362457  -9.55473659]
  [ -9.35695976  -9.37014979]
  [ -8.57015399  -8.56070834]
  [ -8.51957201  -8.53930536]
  [ -9.05785662  -9.04548377]
  [ -9.09902744  -9.10663857]
  [ -9.16005078  -9.1393514 ]
  [ -8.02500293  -8.04579253]
  [ -8.89897527  -8.9103494 ]
  [-10.33069612 -10.30564984]
  [ -8.81095178  -8.78838881]
  [ -9.26277028  -9.25322962]
  [ -9.64917289  -9.64554652]
  [ -8.73237523  -8.68657226]]

 [[ -6.46515187  -6.45790589]
  [ -5.96984965  -5.91687182]
  [ -6.74378893  -6.7066499 ]
  [ -5.95087829  -5.87609019]
  [ -5.87213689  -5.87258515]
  [ -5.47565806  -5.553991  ]
  [ -6.86409505  -6.83749156]
  [ -7.25313202  -7.23375125]
  [ -7.09655635  -7.07643402]
  [ -7.14781347  -7.15809453]
  [ -6.94670551  -6.94634289]
  [ -6.99996613  -6.99583985]
  [ -7.23138961  -7.2241346 ]
  [ -6.74216132  -6.73131174]
  [ -6.45808332  -6.46350167]
  [ -6.56466321  -6.55403364]
  [ -6.77522336  -6.75761545]
  [ -6.95221228  -6.94279775]
  [ -6.24916485  -6.25578451]
  [ -5.81053887  -5.80153521]
  [ -5.78217531  -5.7940532 ]
  [ -5.99353063  -6.00874169]
  [ -6.09739623  -6.11722631]
  [ -7.54634992  -7.53171763]
  [ -7.25120133  -7.24121222]
  [ -6.8531482   -6.83494139]
  [ -7.18335444  -7.1867153 ]
  [ -6.91964382  -6.91379911]
  [ -6.90396867  -6.89955393]
  [ -6.20114423  -6.18530104]
  [ -6.86094149  -6.85598499]
  [ -6.66345564  -6.66145837]
  [ -6.59921466  -6.58108259]
  [ -7.01250265  -6.99639443]
  [ -6.66270382  -6.66413071]
  [ -6.90367727  -6.89305203]
  [ -6.74166198  -6.75458586]
  [ -7.70248485  -7.69583428]
  [ -7.04011106  -7.03830767]
  [ -6.85838621  -6.88473659]
  [ -6.05543025  -6.06306031]
  [ -6.02630296  -6.03898617]
  [ -6.5460834   -6.53899454]
  [ -6.54659934  -6.57623638]
  [ -6.62210554  -6.62351085]
  [ -5.57904502  -5.59271685]
  [ -5.89104943  -5.98038435]
  [ -7.83949505  -7.82822961]
  [ -6.28095505  -6.25101107]
  [ -6.76601283  -6.77262261]
  [ -7.13297398  -7.14327761]
  [ -6.18837468  -6.15387268]]]
####################
->>>->>->>neffect
####################
mean: [-2.70009812]
median: [-1.95170198]
std: [1.95616476]
95 confidence interval:[[-6.03986601]
 [-0.86983956]]
####################
->>>->>->>sar.phi
####################
mean: [0.44127455]
median: [0.42615434]
std: [0.27035148]
95 confidence interval:[[0.0204438 ]
 [0.93409176]]
####################
->>>->>->>sar.tau
####################
mean: [1309.36820914]
median: [1089.16878653]
std: [875.9129293]
95 confidence interval:[[ 288.0523577 ]
 [3580.99832569]]
####################
->>>->>->>sas.phi
####################
mean: [0.31209294]
median: [0.28358079]
std: [0.20936018]
95 confidence interval:[[0.01389959]
 [0.76506588]]
####################
->>>->>->>sas.tau
####################
mean: [4.01831752]
median: [2.98386576]
std: [3.69280799]
95 confidence interval:[[ 0.25107321]
 [13.47961356]]
####################
->>>->>->>seffect
####################
mean: [ 0.46631531 -1.51392182  0.08489324  0.07151592  0.00390443  0.13004375
  0.13734399  0.18199626 -0.54642262  0.12165201  0.12563652 -2.43163047
  0.19308198 -0.16166411  0.26201734  0.17869791 -0.20148324 -0.02789306
 -0.11794786 -0.02245398  0.12338066 -0.25722632  0.05306214  0.02969362
 -0.02490652  0.15594341  0.1937456   0.09966959 -0.05511094 -0.02121386
  0.03313112 -0.2738111   0.05732255  0.01657827 -0.37632876  0.35193601
  0.07910934  0.11652819  0.25942491 -0.22761723  0.01278826 -0.26045121
  0.27207869  0.36647491 -0.10833784 -0.18591282 -0.43237537 -0.0427854
 -0.22552133  0.26253473 -0.2575943   0.00264134]
median: [ 1.55638034e-02 -1.55903423e+00  1.28737532e-02  2.85194332e-02
 -6.97431029e-03 -1.20742036e-02  6.27608898e-04  4.70026361e-03
 -1.29504391e-02  3.43971668e-02  3.24633742e-03 -2.54795132e+00
  2.49195619e-02 -2.10621306e-02 -1.32646308e-02  4.93644884e-02
  1.17754080e-02  8.34328211e-03 -3.33606010e-03 -1.18220601e-02
  1.20887527e-02 -2.23301463e-02 -4.17972925e-03  2.93380791e-02
 -1.44627744e-02 -1.77721508e-02  4.07733386e-02  4.05046921e-02
 -5.75043549e-02 -1.48560875e-02  4.01254121e-02 -1.43835339e-02
  7.11912630e-02  1.21350678e-02  3.12412079e-02 -1.36227441e-02
  2.31477116e-02 -4.05687308e-03  3.90632701e-02 -4.53484398e-01
 -5.15671633e-03 -5.97729434e-02  3.43063314e-02  3.84677349e-02
 -4.50497803e-02 -3.30774521e-02 -8.70385275e-03  1.94184085e-02
 -5.88070103e-02  3.15367746e-02 -5.65285290e-02  9.04718573e-04]
std: [0.81169103 1.05063397 0.16386525 0.10932543 0.04856871 0.28895026
 0.2638982  0.33320343 0.97723874 0.16776292 0.24116924 1.37456989
 0.31385613 0.26721191 0.52765501 0.23649839 0.39734001 0.11593219
 0.23363395 0.03237984 0.21528445 0.44027905 0.11820629 0.03004548
 0.05701669 0.31940655 0.26977181 0.1228662  0.06076192 0.03449844
 0.04191135 0.51345294 0.03900229 0.02399612 0.73882583 0.66296496
 0.14358488 0.23700785 0.44453335 2.21061641 0.09073385 0.39857818
 0.43853625 0.59151721 0.13654592 0.26633681 0.78849689 0.12192508
 0.30777984 0.4146784  0.38038218 0.02577048]
95 confidence interval:[[-5.17059258e-02 -3.89375594e+00 -8.00485093e-02 -4.45214155e-02
  -6.28398871e-02 -1.18514566e-01 -8.94330240e-02 -7.06990045e-02
  -2.25951354e+00 -6.17316421e-03 -9.78476663e-02 -4.42355483e+00
  -2.14183720e-02 -6.42353177e-01 -1.05825088e-01  7.33409322e-03
  -9.30098957e-01 -2.35315986e-01 -5.54136596e-01 -1.02294550e-01
  -7.37936961e-02 -1.02996356e+00 -4.58612676e-02 -2.77270328e-02
  -1.36840083e-01 -7.44976189e-02 -5.62257377e-03 -2.67464707e-02
  -1.74187840e-01 -9.73382139e-02 -3.75730813e-02 -1.19275447e+00
  -1.62367564e-02 -2.04098668e-02 -1.68326990e+00 -8.47749163e-02
  -1.26122423e-01 -7.04084444e-02 -1.07259189e-01 -3.40148442e+00
  -1.48220655e-01 -9.70024244e-01 -6.04819858e-02 -4.24142190e-02
  -3.74878114e-01 -6.61411674e-01 -1.83351957e+00 -2.66014676e-01
  -7.84325344e-01 -2.81172523e-02 -9.55712501e-01 -4.90542545e-02]
 [ 1.89147968e+00  1.37788619e-01  3.82251576e-01  2.86031055e-01
   9.44864529e-02  6.82131535e-01  6.08344671e-01  7.75365913e-01
   1.15122326e-01  4.24366252e-01  5.53794710e-01 -2.04441789e-01
   7.62223296e-01  7.84731356e-02  1.21458877e+00  6.33986690e-01
   7.11732986e-02  1.21560397e-01  8.51069564e-02  1.80835187e-02
   5.26164472e-01  7.16011757e-02  2.87215244e-01  9.28090330e-02
   6.19850888e-02  7.27585653e-01  6.83310437e-01  3.48597244e-01
   4.35383032e-02  3.37480758e-02  1.07194424e-01  1.91357836e-01
   1.10689697e-01  7.62106451e-02  1.19758216e-01  1.52089939e+00
   3.39451732e-01  5.50744881e-01  1.05707271e+00  3.28188744e+00
   1.92693707e-01  4.94518047e-02  1.06105115e+00  1.42262878e+00
   1.96370113e-02  1.72546944e-02  1.01672640e-01  5.75378352e-02
   1.59926512e-03  1.00942941e+00  1.60554916e-02  4.90930680e-02]]
####################
->>>->>->>sieffect
####################
mean: [[-1.76642551 -1.77847204]
 [ 0.21346262  0.10950645]
 [-1.4658678  -1.54364735]
 [-1.41133856 -1.55915334]
 [-1.26752649 -1.26723335]
 [-1.65826924 -1.51085745]
 [-1.55301295 -1.60691931]
 [-1.61253868 -1.65098685]
 [-0.76305495 -0.80250689]
 [-1.33221743 -1.3088061 ]
 [-1.07491744 -1.07867594]
 [ 1.18355547  1.17421117]
 [-1.13755912 -1.15283709]
 [-1.06218447 -1.08563577]
 [-1.44001388 -1.4334189 ]
 [-1.0722588  -1.09362859]
 [-0.90549028 -0.94732573]
 [-0.82788159 -0.84935993]
 [-0.97878363 -0.97278937]
 [-1.03498143 -1.05340337]
 [-1.3621654  -1.3477189 ]
 [-0.65445942 -0.63325455]
 [-0.41473299 -0.39151994]
 [-0.9015567  -0.94876113]
 [-0.75170301 -0.78241418]
 [-1.19735363 -1.23711506]
 [-1.08977904 -1.09415215]
 [-0.80523675 -0.83031863]
 [-1.212533   -1.2266085 ]
 [-1.13837765 -1.16400657]
 [-0.84233452 -0.85401926]
 [-0.83772298 -0.8443641 ]
 [-0.90531661 -0.94101297]
 [-0.82923167 -0.86974123]
 [-0.3407943  -0.34129174]
 [-1.03677661 -1.06069817]
 [-0.90982478 -0.88831226]
 [-0.97446667 -1.00337688]
 [-1.04995466 -1.07004518]
 [-0.70213129 -0.66630803]
 [-1.35568856 -1.35847541]
 [-0.66949683 -0.65468253]
 [-1.1888356  -1.22200768]
 [-0.95520235 -0.89676831]
 [-0.69267869 -0.70974966]
 [-1.07131371 -1.04386967]
 [-0.42803351 -0.26093694]
 [-0.89131789 -0.92038414]
 [-0.51709968 -0.57815736]
 [-1.07262222 -1.0762915 ]
 [-0.39464561 -0.39178003]
 [-1.82123272 -1.87113909]]
median: [[-2.02710069 -2.03971677]
 [-0.54665874 -0.65177077]
 [-2.14211724 -2.21964165]
 [-2.11382745 -2.26129963]
 [-1.98204869 -1.98172031]
 [-2.22425277 -2.07701226]
 [-2.12407729 -2.1778341 ]
 [-2.15569093 -2.19395619]
 [-2.09579641 -2.13601253]
 [-1.9758955  -1.9527328 ]
 [-1.70480973 -1.70863957]
 [ 0.55641618  0.5467985 ]
 [-1.71636671 -1.7349414 ]
 [-1.93818161 -1.96176379]
 [-1.89975331 -1.89323432]
 [-1.698823   -1.71881402]
 [-1.88923814 -1.93086173]
 [-1.62141958 -1.64305933]
 [-1.84594653 -1.84043727]
 [-1.77682906 -1.79622323]
 [-1.97305447 -1.95796744]
 [-1.64956375 -1.62883484]
 [-1.09061235 -1.06682934]
 [-1.6704643  -1.71881365]
 [-1.49746683 -1.52774871]
 [-1.76194147 -1.8015302 ]
 [-1.67958151 -1.68391397]
 [-1.47700768 -1.50348276]
 [-2.02100781 -2.03271741]
 [-1.91967674 -1.94422063]
 [-1.56426553 -1.5757622 ]
 [-1.89924318 -1.90576915]
 [-1.67471638 -1.70981161]
 [-1.58378738 -1.62413902]
 [-1.52998039 -1.53012844]
 [-1.41772977 -1.44165237]
 [-1.59991059 -1.57839042]
 [-1.59043735 -1.61916091]
 [-1.58561609 -1.60592401]
 [-0.43053196 -0.39575364]
 [-2.07768463 -2.07994831]
 [-1.67748802 -1.66036672]
 [-1.6597801  -1.69296581]
 [-1.37794451 -1.31954657]
 [-1.5181905  -1.53581633]
 [-1.98681789 -1.95903809]
 [-1.6030808  -1.43624718]
 [-1.71077606 -1.73974526]
 [-1.43949989 -1.50044429]
 [-1.59764745 -1.60107094]
 [-1.35846469 -1.35563103]
 [-2.57237305 -2.62190668]]
std: [[1.18856921 1.18862146]
 [2.47352893 2.47348164]
 [1.79708358 1.79700306]
 [1.85157491 1.85166966]
 [1.91645472 1.9163636 ]
 [1.68391785 1.68339287]
 [1.70909203 1.70907941]
 [1.63956564 1.63953665]
 [2.91983624 2.9197957 ]
 [1.80028542 1.80031483]
 [1.72683533 1.72682247]
 [3.24848828 3.24849159]
 [1.65306772 1.6530782 ]
 [2.22014295 2.22012148]
 [1.44653495 1.44652278]
 [1.73114933 1.73114078]
 [2.34698693 2.34691624]
 [2.06989361 2.06990036]
 [2.18583021 2.18581239]
 [1.98361297 1.98346801]
 [1.75051375 1.750353  ]
 [2.38741129 2.38730839]
 [1.84803704 1.84791497]
 [1.96318671 1.96318293]
 [2.00876922 2.00878206]
 [1.6503153  1.65030764]
 [1.6956535  1.6956415 ]
 [1.84399799 1.84395885]
 [1.99927993 1.99930095]
 [1.97597573 1.97586828]
 [1.9453604  1.94535499]
 [2.45157294 2.45154908]
 [1.94590817 1.94591058]
 [1.95118122 1.95119134]
 [2.68140306 2.68132467]
 [1.31543235 1.31542699]
 [1.8208115  1.82078805]
 [1.72922621 1.72921621]
 [1.51938841 1.5194082 ]
 [2.68182446 2.68184713]
 [1.88310012 1.88301109]
 [2.3416273  2.34145453]
 [1.53771405 1.53768124]
 [1.37874481 1.37874748]
 [2.08079104 2.08083018]
 [2.20802856 2.20754701]
 [2.7334646  2.73319181]
 [2.07275959 2.07276859]
 [2.25642462 2.25633725]
 [1.54889223 1.54890321]
 [2.32376578 2.32374229]
 [1.94035073 1.94038959]]
95 confidence interval:[[[-3.18595309 -3.19892237]
  [-2.73344382 -2.83937871]
  [-3.20118244 -3.27902143]
  [-3.1699039  -3.31873521]
  [-3.11015978 -3.10944315]
  [-3.36303649 -3.21470376]
  [-3.29564155 -3.35032443]
  [-3.27866044 -3.31690678]
  [-3.18461166 -3.22383027]
  [-3.10399172 -3.08062164]
  [-2.78429446 -2.78841876]
  [-2.81549726 -2.82493873]
  [-2.79077607 -2.80614406]
  [-3.08947317 -3.11305983]
  [-2.96321559 -2.95652219]
  [-2.78336534 -2.8052102 ]
  [-2.97520492 -3.01655411]
  [-2.76115054 -2.78273559]
  [-2.96258762 -2.95610454]
  [-2.89685934 -2.91569553]
  [-3.08436706 -3.06962712]
  [-2.74434673 -2.72297042]
  [-2.22037029 -2.197283  ]
  [-2.72477913 -2.77177063]
  [-2.657985   -2.68861547]
  [-2.87905527 -2.91873243]
  [-2.76508395 -2.76917944]
  [-2.58125547 -2.60618228]
  [-3.10161609 -3.11562185]
  [-3.00034115 -3.02568738]
  [-2.69593855 -2.70750092]
  [-2.94156968 -2.94818486]
  [-2.68454588 -2.72034156]
  [-2.67524946 -2.71562265]
  [-2.58459734 -2.58529314]
  [-2.49598136 -2.5206421 ]
  [-2.69045983 -2.66887679]
  [-2.71444242 -2.74350796]
  [-2.6009922  -2.6211658 ]
  [-4.92065994 -4.88553232]
  [-3.15803258 -3.16115259]
  [-2.72732562 -2.71326824]
  [-2.81390508 -2.84692169]
  [-2.4459803  -2.38738024]
  [-2.6442493  -2.66146749]
  [-3.09866667 -3.06973581]
  [-2.78278938 -2.61495993]
  [-2.81973032 -2.8487916 ]
  [-2.56947089 -2.63065117]
  [-2.64852747 -2.65257507]
  [-2.50254357 -2.49969963]
  [-3.66081244 -3.71076166]]

 [[ 0.1715828   0.15959697]
  [ 4.55086171  4.44687326]
  [ 1.59835269  1.52050454]
  [ 1.74919722  1.60189375]
  [ 1.99854117  1.99878178]
  [ 1.19489887  1.3412253 ]
  [ 1.34951997  1.29537585]
  [ 1.15493346  1.11646448]
  [ 4.28416165  4.24455825]
  [ 1.71733879  1.74064985]
  [ 1.84985078  1.84606474]
  [ 6.50767454  6.49845795]
  [ 1.66316302  1.64777374]
  [ 2.72972523  2.70629725]
  [ 0.98401945  0.99047479]
  [ 1.85958222  1.83825034]
  [ 3.16243558  3.12063491]
  [ 2.69726307  2.67599635]
  [ 2.79642763  2.80237184]
  [ 2.37295828  2.35397702]
  [ 1.59863123  1.6127777 ]
  [ 3.43762887  3.45851607]
  [ 2.71033631  2.73364674]
  [ 2.49224284  2.44483506]
  [ 2.69908612  2.66832701]
  [ 1.58755477  1.54785602]
  [ 1.77476787  1.77040044]
  [ 2.32687469  2.30194158]
  [ 2.20669308  2.19242654]
  [ 2.22456383  2.19882921]
  [ 2.47902627  2.4670153 ]
  [ 3.39509619  3.38839985]
  [ 2.46000954  2.42442941]
  [ 2.51563699  2.47542   ]
  [ 4.28268475  4.28167979]
  [ 1.15447935  1.13084134]
  [ 2.20012634  2.2213774 ]
  [ 1.96879841  1.93984897]
  [ 1.55366468  1.53364277]
  [ 2.88702912  2.92296265]
  [ 1.87052709  1.86737546]
  [ 3.35272708  3.36774231]
  [ 1.37999541  1.3467688 ]
  [ 1.36705721  1.42576732]
  [ 2.91449561  2.89771479]
  [ 2.71514303  2.74167678]
  [ 4.26767533  4.43385097]
  [ 2.66704705  2.63817157]
  [ 3.33393575  3.27256896]
  [ 1.58439029  1.58069432]
  [ 3.62070143  3.62355385]
  [ 1.49188916  1.44210557]]]
####################
->>>->>->>theta
####################
mean: [[0.         0.01830092 0.01808178]
 [0.         0.01829476 0.01648846]
 [0.         0.01687922 0.01561613]
 [0.         0.01758862 0.01517184]
 [0.         0.01898133 0.01898689]
 [0.         0.01456878 0.01688264]
 [0.         0.01630364 0.01544804]
 [0.         0.01606291 0.01545704]
 [0.         0.01813019 0.01742884]
 [0.         0.02001517 0.02048927]
 [0.         0.02599166 0.02589415]
 [0.         0.01927832 0.01909902]
 [0.         0.02617239 0.02577557]
 [0.         0.01979316 0.01933438]
 [0.         0.02072191 0.02085902]
 [0.         0.02753962 0.02695736]
 [0.         0.02224709 0.02133558]
 [0.         0.02860006 0.02799233]
 [0.         0.02249534 0.02263059]
 [0.         0.02339729 0.02297023]
 [0.         0.01951673 0.01980072]
 [0.         0.02706826 0.02764836]
 [0.         0.04691667 0.04801847]
 [0.         0.02816742 0.02686869]
 [0.         0.03098243 0.03004539]
 [0.         0.02377469 0.02284792]
 [0.         0.02749479 0.02737482]
 [0.         0.03326361 0.03243968]
 [0.         0.01885846 0.01859488]
 [0.         0.02101053 0.0204789 ]
 [0.         0.02982665 0.02948017]
 [0.         0.02204473 0.02189881]
 [0.         0.02869188 0.02768575]
 [0.         0.0297239  0.02854387]
 [0.         0.03270358 0.03268731]
 [0.         0.03377649 0.03297809]
 [0.         0.0291919  0.02982669]
 [0.         0.02840782 0.0275983 ]
 [0.         0.03038883 0.02978439]
 [0.         0.02643945 0.02740376]
 [0.         0.01749158 0.01744289]
 [0.         0.02643457 0.02682908]
 [0.         0.02674367 0.02587108]
 [0.         0.03712636 0.03936043]
 [0.         0.03002521 0.029517  ]
 [0.         0.01902712 0.01955651]
 [0.         0.02829438 0.03344011]
 [0.         0.02628361 0.02553064]
 [0.         0.03183092 0.02994556]
 [0.         0.02975404 0.02964506]
 [0.         0.03484154 0.03494152]
 [0.         0.01085331 0.01032496]]
median: [[0.         0.01830081 0.01808152]
 [0.         0.01829462 0.01648804]
 [0.         0.0168793  0.01561597]
 [0.         0.01758858 0.01517149]
 [0.         0.01898162 0.0189864 ]
 [0.         0.01456816 0.01688175]
 [0.         0.01630374 0.0154479 ]
 [0.         0.01606284 0.01545706]
 [0.         0.01813014 0.01742869]
 [0.         0.02001516 0.02048929]
 [0.         0.02599163 0.02589392]
 [0.         0.01927823 0.01909906]
 [0.         0.02617252 0.02577545]
 [0.         0.01979295 0.01933443]
 [0.         0.02072156 0.0208589 ]
 [0.         0.02753982 0.02695744]
 [0.         0.02224698 0.02133548]
 [0.         0.02859989 0.02799233]
 [0.         0.02249495 0.02263052]
 [0.         0.0233964  0.02297004]
 [0.         0.01951651 0.01980044]
 [0.         0.02706751 0.02764793]
 [0.         0.0469165  0.04801832]
 [0.         0.02816758 0.02686857]
 [0.         0.03098244 0.03004531]
 [0.         0.02377481 0.02284779]
 [0.         0.02749464 0.02737479]
 [0.         0.03326323 0.03243977]
 [0.         0.01885844 0.01859487]
 [0.         0.02101015 0.02047863]
 [0.         0.0298267  0.02948019]
 [0.         0.02204449 0.02189856]
 [0.         0.02869189 0.0276857 ]
 [0.         0.02972376 0.02854388]
 [0.         0.03270313 0.03268732]
 [0.         0.03377637 0.03297819]
 [0.         0.02919213 0.0298265 ]
 [0.         0.02840793 0.02759824]
 [0.         0.03038883 0.02978414]
 [0.         0.02643934 0.02740366]
 [0.         0.01749127 0.01744277]
 [0.         0.02643386 0.02682929]
 [0.         0.02674364 0.02587093]
 [0.         0.03712607 0.03936035]
 [0.         0.03002501 0.02951697]
 [0.         0.019026   0.01955577]
 [0.         0.02829373 0.03343946]
 [0.         0.02628361 0.02553059]
 [0.         0.03183058 0.02994516]
 [0.         0.02975401 0.02964492]
 [0.         0.03484164 0.03494175]
 [0.         0.01085297 0.01032493]]
std: [[0.00000000e+00 7.12046113e-05 7.09458132e-05]
 [0.00000000e+00 1.16291023e-04 1.10260852e-04]
 [0.00000000e+00 4.99528958e-05 4.79066255e-05]
 [0.00000000e+00 1.14534127e-04 1.06195758e-04]
 [0.00000000e+00 1.32041766e-04 1.31956545e-04]
 [0.00000000e+00 1.49748092e-04 1.61473078e-04]
 [0.00000000e+00 4.25660836e-05 4.15520603e-05]
 [0.00000000e+00 2.83746763e-05 2.78515918e-05]
 [0.00000000e+00 3.76156945e-05 3.69354600e-05]
 [0.00000000e+00 3.94392315e-05 3.97726503e-05]
 [0.00000000e+00 6.28036116e-05 6.24173868e-05]
 [0.00000000e+00 4.39306851e-05 4.37988153e-05]
 [0.00000000e+00 4.73911390e-05 4.68575019e-05]
 [0.00000000e+00 5.84669236e-05 5.73099577e-05]
 [0.00000000e+00 8.11279658e-05 8.16734794e-05]
 [0.00000000e+00 9.67222508e-05 9.63479548e-05]
 [0.00000000e+00 6.40525797e-05 6.25452377e-05]
 [0.00000000e+00 6.85345105e-05 6.75655391e-05]
 [0.00000000e+00 1.08181394e-04 1.08200842e-04]
 [0.00000000e+00 1.73725530e-04 1.71965387e-04]
 [0.00000000e+00 1.48156138e-04 1.49595736e-04]
 [0.00000000e+00 1.68973583e-04 1.69971585e-04]
 [0.00000000e+00 2.63209417e-04 2.65054037e-04]
 [0.00000000e+00 3.73119781e-05 3.60016855e-05]
 [0.00000000e+00 5.49375235e-05 5.40074946e-05]
 [0.00000000e+00 6.36783277e-05 6.19636091e-05]
 [0.00000000e+00 5.18766140e-05 5.20120240e-05]
 [0.00000000e+00 8.24793044e-05 8.09204309e-05]
 [0.00000000e+00 4.73983210e-05 4.69551372e-05]
 [0.00000000e+00 1.06534196e-04 1.05226224e-04]
 [0.00000000e+00 7.87146196e-05 7.78375286e-05]
 [0.00000000e+00 7.04462645e-05 7.00189249e-05]
 [0.00000000e+00 9.73903401e-05 9.55845787e-05]
 [0.00000000e+00 6.70954071e-05 6.54094442e-05]
 [0.00000000e+00 1.04675458e-04 1.04714717e-04]
 [0.00000000e+00 8.54179111e-05 8.43841622e-05]
 [0.00000000e+00 8.62428396e-05 8.68826509e-05]
 [0.00000000e+00 3.21252612e-05 3.14333525e-05]
 [0.00000000e+00 6.69300652e-05 6.55683977e-05]
 [0.00000000e+00 6.94161693e-05 6.99780279e-05]
 [0.00000000e+00 1.02938344e-04 1.01254367e-04]
 [0.00000000e+00 1.59379594e-04 1.60109311e-04]
 [0.00000000e+00 9.61247012e-05 9.35169867e-05]
 [0.00000000e+00 1.33572742e-04 1.37647972e-04]
 [0.00000000e+00 1.00494508e-04 9.82708467e-05]
 [0.00000000e+00 1.77750859e-04 1.79875731e-04]
 [0.00000000e+00 1.95968806e-04 2.11739918e-04]
 [0.00000000e+00 2.59576059e-05 2.54090228e-05]
 [0.00000000e+00 1.48566980e-04 1.44023204e-04]
 [0.00000000e+00 8.56129241e-05 8.46024190e-05]
 [0.00000000e+00 6.96286154e-05 6.89495746e-05]
 [0.00000000e+00 5.57784079e-05 5.48383885e-05]]
95 confidence interval:[[[0.         0.01816041 0.01794372]
  [0.         0.01806719 0.01627332]
  [0.         0.01678115 0.01552312]
  [0.         0.01736461 0.01496488]
  [0.         0.01872214 0.01872946]
  [0.         0.01427675 0.01656787]
  [0.         0.01621997 0.01536714]
  [0.         0.01600756 0.0154024 ]
  [0.         0.01805664 0.01735651]
  [0.         0.01993815 0.02041137]
  [0.         0.02586898 0.02577183]
  [0.         0.01919258 0.01901325]
  [0.         0.02607922 0.02568367]
  [0.         0.01967883 0.01922212]
  [0.         0.02056319 0.02069895]
  [0.         0.02735051 0.02676962]
  [0.         0.0221223  0.02121317]
  [0.         0.028466   0.02785992]
  [0.         0.02228398 0.0224195 ]
  [0.         0.02305713 0.02263343]
  [0.         0.01922744 0.01950892]
  [0.         0.02673803 0.02731547]
  [0.         0.04640178 0.04750058]
  [0.         0.02809365 0.02679842]
  [0.         0.03087508 0.02993956]
  [0.         0.02365017 0.02272671]
  [0.         0.0273933  0.02727332]
  [0.         0.03310199 0.03228076]
  [0.         0.01876564 0.01850312]
  [0.         0.02080245 0.02027373]
  [0.         0.02967252 0.02932776]
  [0.         0.02190707 0.0217618 ]
  [0.         0.02850176 0.0274984 ]
  [0.         0.02959225 0.02841593]
  [0.         0.03249888 0.03248254]
  [0.         0.03360886 0.03281314]
  [0.         0.02902223 0.02965666]
  [0.         0.02834457 0.02753704]
  [0.         0.03025735 0.0296567 ]
  [0.         0.02630362 0.02726733]
  [0.         0.01729053 0.01724475]
  [0.         0.02612403 0.02651574]
  [0.         0.02655684 0.02568946]
  [0.         0.03686579 0.03909137]
  [0.         0.02982801 0.02932438]
  [0.         0.01867964 0.01920609]
  [0.         0.02791176 0.03302731]
  [0.         0.02623272 0.02548101]
  [0.         0.03154018 0.02966396]
  [0.         0.02958711 0.02947983]
  [0.         0.03470542 0.03480607]
  [0.         0.01074466 0.01021791]]

 [[0.         0.01844028 0.01822174]
  [0.         0.01852284 0.01670534]
  [0.         0.01697706 0.01571054]
  [0.         0.01781401 0.01538057]
  [0.         0.01923977 0.01924607]
  [0.         0.01486303 0.01720099]
  [0.         0.01638641 0.01552949]
  [0.         0.0161186  0.01551171]
  [0.         0.01820405 0.01750163]
  [0.         0.02009224 0.02056713]
  [0.         0.02611462 0.02601665]
  [0.         0.01936461 0.01918461]
  [0.         0.02626508 0.02586777]
  [0.         0.01990844 0.01944655]
  [0.         0.02088119 0.02101951]
  [0.         0.02772781 0.02714627]
  [0.         0.02237293 0.02145835]
  [0.         0.02873448 0.02812407]
  [0.         0.0227069  0.02284335]
  [0.         0.0237384  0.02330802]
  [0.         0.01980764 0.02009448]
  [0.         0.02740033 0.02798235]
  [0.         0.04743324 0.0485386 ]
  [0.         0.02824016 0.02693958]
  [0.         0.03109057 0.03015097]
  [0.         0.02389962 0.02296959]
  [0.         0.02759668 0.02747702]
  [0.         0.0334262  0.03259726]
  [0.         0.01895122 0.01868733]
  [0.         0.02121967 0.0206849 ]
  [0.         0.02998156 0.02963275]
  [0.         0.02218381 0.02203567]
  [0.         0.02888307 0.02787378]
  [0.         0.02985607 0.02867198]
  [0.         0.03290908 0.03289203]
  [0.         0.03394342 0.0331434 ]
  [0.         0.02936128 0.02999709]
  [0.         0.02847042 0.02766029]
  [0.         0.03052041 0.02991304]
  [0.         0.02657537 0.02754173]
  [0.         0.017694   0.01764163]
  [0.         0.02674881 0.02714263]
  [0.         0.02693257 0.02605502]
  [0.         0.03739008 0.03962973]
  [0.         0.03022276 0.02971007]
  [0.         0.01937689 0.01990923]
  [0.         0.02867929 0.03385682]
  [0.         0.02633436 0.02558052]
  [0.         0.03212295 0.03022932]
  [0.         0.02992276 0.02981192]
  [0.         0.03497892 0.03507615]
  [0.         0.01096325 0.01043275]]]
####################
->>>->>->>w
####################
mean: [0.99836783]
median: [0.99839606]
std: [0.0002326]
95 confidence interval:[[0.99793035]
 [0.99865109]]
####################
->>>->>->>y_pred
####################
mean: [[  65603.48105      64668.4996875 ]
 [  24322.09453125   21954.2155125 ]
 [ 114512.55635     106373.56665625]
 [  23395.1018875    20250.9674375 ]
 [  20036.6665375    20058.40115   ]
 [   9121.3697625    10544.50638125]
 [ 145678.29723125  138174.5273875 ]
 [ 317197.1322625   305200.2342375 ]
 [ 231922.15985     222813.76065   ]
 [ 256974.668075    262292.76643125]
 [ 171875.3616625   171757.62306875]
 [ 191197.626575    189620.41734375]
 [ 303734.30924375  299367.2589    ]
 [ 114165.54938125  111727.6266375 ]
 [  64694.02405625   65385.99965   ]
 [  80049.64290625   78371.234175  ]
 [ 121968.7880625   117769.86598125]
 [ 173779.948725    170556.73976875]
 [  42601.6434375    43160.00646875]
 [  17708.15965      17410.61530625]
 [  16743.73566875   17136.97395   ]
 [  25554.759375     26322.696375  ]
 [  31452.038525     32708.87359375]
 [ 570249.23964375  553827.50235   ]
 [ 316000.43568125  309779.81050625]
 [ 142529.6391      137462.26510625]
 [ 275914.9737875   277768.034     ]
 [ 162819.8551      160937.19855   ]
 [ 157802.18903125  156417.53241875]
 [  38681.57049375   37498.06325   ]
 [ 144775.0148875   143371.47074375]
 [  97538.26085      97164.964225  ]
 [  85770.3495       82746.24344375]
 [ 196030.51705625  189850.77156875]
 [  97385.96484375   97677.77559375]
 [ 157699.5766      154390.99088125]
 [ 114066.6156375   117026.7396375 ]
 [ 779218.346425    768960.2322    ]
 [ 207176.68303125  206438.19360625]
 [ 144063.02968125  151832.7800375 ]
 [  28910.8286125    29359.95554375]
 [  27282.011525     27969.76085   ]
 [  77121.91520625   76062.06145625]
 [  77234.13916875   81909.5173375 ]
 [  89794.34879375   90063.14706875]
 [  11160.62826875   11450.36186875]
 [  20873.14623125   24808.49356875]
 [1024898.47593125 1002079.96416875]
 [  45364.68619375   42778.94925625]
 [ 119748.303875    121351.89988125]
 [ 249476.5294625   254654.64199375]
 [  37695.3395375    35221.81080625]]
median: [[  65604.   64667.]
 [  24322.   21954.]
 [ 114511.  106373.]
 [  23394.   20250.]
 [  20036.   20057.]
 [   9121.   10544.]
 [ 145678.  138173.]
 [ 317194.  305200.]
 [ 231921.  222811.]
 [ 256972.  262293.]
 [ 171873.  171758.]
 [ 191198.  189620.]
 [ 303735.  299364.]
 [ 114165.  111729.]
 [  64693.   65387.]
 [  80048.   78369.]
 [ 121969.  117770.]
 [ 173781.  170556.]
 [  42601.   43159.]
 [  17708.   17410.]
 [  16743.   17136.]
 [  25554.   26322.]
 [  31452.   32708.]
 [ 570251.  553828.]
 [ 315998.  309778.]
 [ 142530.  137462.]
 [ 275915.  277769.]
 [ 162818.  160936.]
 [ 157801.  156417.]
 [  38680.   37497.]
 [ 144773.  143370.]
 [  97537.   97165.]
 [  85770.   82746.]
 [ 196031.  189850.]
 [  97385.   97678.]
 [ 157699.  154391.]
 [ 114066.  117027.]
 [ 779221.  768960.]
 [ 207175.  206438.]
 [ 144063.  151835.]
 [  28910.   29360.]
 [  27281.   27969.]
 [  77121.   76062.]
 [  77233.   81910.]
 [  89794.   90062.]
 [  11160.   11450.]
 [  20873.   24808.]
 [1024900. 1002080.]
 [  45365.   42778.]
 [ 119747.  121352.]
 [ 249477.  254655.]
 [  37695.   35222.]]
std: [[ 361.62888049  358.8412768 ]
 [ 219.94792388  209.04662866]
 [ 478.18583652  460.47668325]
 [ 215.68136033  200.69912124]
 [ 198.7613854   198.55469175]
 [ 134.22994944  143.93199296]
 [ 539.11584714  524.86650968]
 [ 794.71636463  779.8807453 ]
 [ 680.51727181  666.62231214]
 [ 714.60812024  723.43076846]
 [ 586.26667545  584.29824215]
 [ 615.54573153  616.98458832]
 [ 780.48152031  772.32906804]
 [ 477.56526619  471.07847178]
 [ 359.31545864  361.90031889]
 [ 399.22501297  396.92336847]
 [ 495.34297523  486.57437103]
 [ 589.46335329  582.81932999]
 [ 290.88259599  293.12151574]
 [ 187.20768384  185.54820861]
 [ 181.40131018  184.23438145]
 [ 225.36149607  229.53392146]
 [ 250.40276469  255.26411805]
 [1066.41356945 1051.36617062]
 [ 792.91117896  786.95195323]
 [ 536.04359794  526.76856555]
 [ 739.6791876   743.41843113]
 [ 571.6106761   567.16146628]
 [ 561.44297376  559.45896372]
 [ 277.17712458  272.96574906]
 [ 540.38621087  535.62083935]
 [ 441.36295011  441.33182278]
 [ 413.65713988  405.83725219]
 [ 625.63630828  615.21130282]
 [ 443.0283903   442.02277073]
 [ 562.82149135  557.21972558]
 [ 477.3692883   482.52583497]
 [1249.122132   1240.52747986]
 [ 645.9385337   642.40778394]
 [ 536.101482    551.12851318]
 [ 240.71697614  241.74417411]
 [ 232.93667697  236.40342713]
 [ 392.11690285  389.20942278]
 [ 392.68066162  404.64530891]
 [ 423.41545986  423.47369893]
 [ 148.20554079  150.47521468]
 [ 204.18003728  222.49782636]
 [1433.62188591 1416.32411057]
 [ 300.34331474  292.07858858]
 [ 489.09480208  490.66664546]
 [ 705.36114132  712.9308347 ]
 [ 274.674267    264.90358562]]
95 confidence interval:[[[  64894.      63968.   ]
  [  23892.      21545.   ]
  [ 113578.     105475.   ]
  [  22974.      19862.   ]
  [  19647.      19671.   ]
  [   8860.      10263.   ]
  [ 144624.     137149.   ]
  [ 315642.     303668.   ]
  [ 230587.975  221512.   ]
  [ 255580.     260871.   ]
  [ 170725.     170614.   ]
  [ 189996.     188416.   ]
  [ 302204.     297864.   ]
  [ 113227.     110805.   ]
  [  63991.      64681.   ]
  [  79268.      77595.   ]
  [ 120994.     116820.975]
  [ 172626.     169416.   ]
  [  42034.      42587.   ]
  [  17343.      17048.   ]
  [  16389.      16777.   ]
  [  25115.      25874.   ]
  [  30962.      32209.   ]
  [ 568156.     551768.   ]
  [ 314450.     308237.   ]
  [ 141478.     136434.   ]
  [ 274471.     276313.975]
  [ 161706.     159829.   ]
  [ 156706.     155321.   ]
  [  38142.      36965.   ]
  [ 143716.     142321.   ]
  [  96678.      96301.   ]
  [  84960.      81955.   ]
  [ 194799.     188649.   ]
  [  96517.975   96811.   ]
  [ 156595.     153303.   ]
  [ 113129.     116082.   ]
  [ 776773.     766532.975]
  [ 205913.     205181.   ]
  [ 143016.     150754.   ]
  [  28439.      28885.   ]
  [  26828.      27508.   ]
  [  76355.      75301.   ]
  [  76467.      81117.   ]
  [  88966.      89238.   ]
  [  10871.      11158.   ]
  [  20475.      24375.   ]
  [1022093.     999306.   ]
  [  44776.      42209.   ]
  [ 118795.     120391.   ]
  [ 248093.975  253254.   ]
  [  37158.      34703.   ]]

 [[  66312.      65373.   ]
  [  24753.      22367.   ]
  [ 115451.     107278.   ]
  [  23818.      20647.   ]
  [  20428.      20450.   ]
  [   9386.      10829.   ]
  [ 146735.     139203.   ]
  [ 318756.     306727.   ]
  [ 233257.     224126.   ]
  [ 258375.     263709.   ]
  [ 173025.     172902.   ]
  [ 192409.     190829.025]
  [ 305268.     300882.   ]
  [ 115103.     112645.025]
  [  65399.      66097.   ]
  [  80833.      79152.   ]
  [ 122939.     118726.   ]
  [ 174935.     171697.   ]
  [  43174.      43736.   ]
  [  18076.      17776.   ]
  [  17100.      17500.   ]
  [  25998.      26773.   ]
  [  31943.      33209.   ]
  [ 572338.     555899.025]
  [ 317558.     311324.025]
  [ 143582.     138497.025]
  [ 277361.     279225.   ]
  [ 163942.     162054.   ]
  [ 158900.     157517.   ]
  [  39227.      38036.   ]
  [ 145835.     144423.   ]
  [  98407.      98034.   ]
  [  86583.      83544.025]
  [ 197256.     191060.   ]
  [  98255.      98544.   ]
  [ 158803.     155480.   ]
  [ 114999.     117975.   ]
  [ 781661.     771386.   ]
  [ 208447.     207698.   ]
  [ 145115.     152913.   ]
  [  29380.      29836.   ]
  [  27739.      28434.   ]
  [  77890.      76825.   ]
  [  78007.      82702.   ]
  [  90627.      90893.   ]
  [  11452.      11747.   ]
  [  21275.      25246.   ]
  [1027711.    1004862.   ]
  [  45955.      43355.   ]
  [ 120710.     122315.   ]
  [ 250861.     256052.025]
  [  38235.      35744.   ]]]
####################
(52, 2, 40000, 4)
