list of variable names:
0: cas.phi
1: cas.tau
2: likelihood
3: log.likelihood
4: log.likelihood_sum
5: rate
6: seffect
7: sieffect
8: th
9: w
10: y_pred
coeficients stats: 
->>>->>->>cas.phi
####################
mean: [0.37247068 0.32650093 0.33457126]
median: [0.33830351 0.2728441  0.27414436]
std: [0.25402613 0.24601751 0.25669647]
95 confidence interval:[[0.01367528 0.01099834 0.01166945]
 [0.88714268 0.88823048 0.91881479]]
####################
->>>->>->>cas.tau
####################
mean: [392.80606646 155.36028872  67.57603152]
median: [6.64773643 0.2263257  5.72938282]
std: [692.36904949 433.03102364 128.02786162]
95 confidence interval:[[5.13729252e-02 2.03145117e-02 2.05844174e-01]
 [2.62250221e+03 1.65909479e+03 5.07853727e+02]]
####################
->>>->>->>likelihood
####################
mean: [[1.07754869e-05 1.05054747e-05]
 [4.80438175e-05 5.32065925e-05]
 [6.71337336e-06 7.04316113e-06]
 [5.05841205e-05 5.58438774e-05]
 [4.03192229e-05 3.85992261e-05]
 [1.20402865e-04 1.00829255e-04]
 [4.95254317e-06 5.41503218e-06]
 [3.02242939e-06 3.22492278e-06]
 [3.97814126e-06 4.06189132e-06]
 [2.39950760e-06 2.27772487e-06]
 [4.25373057e-06 4.16792499e-06]
 [3.40696392e-06 3.32665181e-06]
 [2.72070186e-06 2.60325488e-06]
 [6.29609535e-06 6.53519594e-06]
 [1.13978993e-05 1.06815901e-05]
 [8.83750488e-06 9.30506957e-06]
 [6.79923967e-06 6.78542676e-06]
 [3.55077018e-06 3.76151643e-06]
 [1.78495829e-05 1.63453521e-05]
 [3.86911345e-05 3.64978960e-05]
 [4.32176821e-05 3.94460770e-05]
 [3.55185376e-05 3.10423441e-05]
 [1.98207055e-05 2.17542018e-05]
 [1.31613684e-06 1.34810755e-06]
 [2.20472371e-06 2.25581144e-06]
 [3.89280294e-06 4.21226960e-06]
 [2.93327144e-06 2.78965355e-06]
 [4.54724935e-06 4.39805940e-06]
 [6.35746179e-06 6.08979332e-06]
 [2.03415328e-05 1.91900281e-05]
 [4.72472124e-06 4.53954161e-06]
 [6.71035487e-06 6.39426980e-06]
 [8.86741152e-06 9.13456483e-06]
 [3.86065753e-06 3.78439888e-06]
 [7.22428093e-06 6.84147532e-06]
 [4.91276435e-06 4.86430278e-06]
 [5.60668019e-06 5.26871708e-06]
 [8.72382513e-07 9.06037916e-07]
 [3.52805709e-06 3.37471238e-06]
 [4.79224946e-06 4.35086846e-06]
 [2.60584550e-05 2.47928355e-05]
 [2.29077393e-05 2.30406060e-05]
 [6.51092853e-06 6.46391726e-06]
 [6.94877615e-06 5.99642096e-06]
 [8.45191113e-06 8.01849344e-06]
 [7.54293962e-05 6.87442653e-05]
 [3.01546271e-05 2.42821774e-05]
 [4.84695790e-07 4.89502938e-07]
 [1.44555226e-05 1.51546591e-05]
 [5.79601124e-06 5.68817229e-06]
 [1.95009510e-06 1.81985008e-06]
 [1.62894091e-05 1.77047199e-05]]
median: [[1.06310849e-05 1.03447359e-05]
 [4.87062164e-05 5.40472524e-05]
 [6.61905585e-06 6.89478509e-06]
 [5.08678062e-05 5.61037128e-05]
 [4.12095478e-05 3.88296854e-05]
 [1.07632169e-04 9.30515239e-05]
 [4.80984374e-06 5.40824465e-06]
 [2.90097426e-06 3.06559853e-06]
 [3.94896245e-06 4.06604235e-06]
 [2.14379153e-06 2.05397659e-06]
 [4.22822374e-06 4.15444695e-06]
 [3.39368724e-06 3.31385712e-06]
 [2.73761750e-06 2.60030278e-06]
 [6.29645534e-06 6.50783057e-06]
 [1.13418529e-05 1.06171606e-05]
 [8.76148243e-06 9.27707503e-06]
 [6.73193920e-06 6.73300101e-06]
 [3.49235752e-06 3.74146801e-06]
 [1.80632652e-05 1.63844510e-05]
 [3.94304741e-05 3.62413005e-05]
 [4.09339424e-05 3.77207837e-05]
 [3.49191271e-05 3.01060552e-05]
 [1.56755982e-05 1.62742718e-05]
 [1.29949546e-06 1.33509498e-06]
 [2.25369214e-06 2.27425847e-06]
 [3.51249724e-06 3.78629974e-06]
 [2.92043721e-06 2.77413993e-06]
 [4.62772899e-06 4.38852841e-06]
 [6.30493968e-06 6.03995638e-06]
 [2.02448337e-05 1.89898395e-05]
 [4.60608699e-06 4.45540602e-06]
 [6.63935279e-06 6.35203741e-06]
 [8.58744503e-06 8.91238610e-06]
 [3.84112397e-06 3.78215985e-06]
 [6.76060617e-06 6.67777635e-06]
 [4.87866433e-06 4.84845956e-06]
 [5.61229727e-06 5.28698925e-06]
 [8.48831798e-07 9.01741867e-07]
 [3.54024395e-06 3.39472831e-06]
 [4.78396668e-06 4.34996540e-06]
 [2.53792589e-05 2.41119824e-05]
 [2.11583585e-05 2.17981889e-05]
 [6.53545342e-06 6.44210954e-06]
 [6.71986406e-06 5.74523158e-06]
 [8.38630906e-06 7.85586962e-06]
 [7.03417578e-05 6.57931226e-05]
 [2.82892416e-05 2.32043562e-05]
 [4.72829312e-07 4.74810065e-07]
 [1.40785030e-05 1.49381915e-05]
 [5.57665482e-06 5.61515123e-06]
 [1.73392288e-06 1.62101805e-06]
 [1.63841640e-05 1.78233324e-05]]
std: [[6.70017066e-06 6.46817616e-06]
 [2.64518558e-05 2.91150013e-05]
 [4.07144195e-06 4.28582074e-06]
 [2.85841706e-05 3.15966927e-05]
 [2.33940439e-05 2.17626063e-05]
 [8.62506987e-05 6.97140874e-05]
 [2.99159050e-06 3.21130466e-06]
 [2.07909378e-06 2.23895970e-06]
 [2.43715704e-06 2.46435118e-06]
 [2.11301944e-06 1.97565697e-06]
 [2.52588816e-06 2.42410632e-06]
 [2.03662724e-06 1.98900902e-06]
 [1.57687192e-06 1.50160309e-06]
 [3.68072114e-06 3.85629962e-06]
 [6.99276009e-06 6.49070383e-06]
 [5.22792230e-06 5.40122560e-06]
 [4.36658327e-06 4.28554809e-06]
 [2.35695753e-06 2.34639752e-06]
 [1.07310930e-05 9.85622982e-06]
 [2.33450455e-05 2.21977953e-05]
 [2.90162512e-05 2.60132791e-05]
 [2.26230080e-05 1.94679980e-05]
 [1.71661757e-05 1.94308987e-05]
 [8.19721637e-07 8.33564013e-07]
 [1.32840164e-06 1.35969705e-06]
 [3.22301693e-06 3.54564260e-06]
 [1.79600989e-06 1.71674491e-06]
 [2.56914024e-06 2.55581714e-06]
 [3.93318364e-06 3.75739473e-06]
 [1.21951320e-05 1.15252363e-05]
 [2.97574673e-06 2.87259194e-06]
 [4.33437043e-06 4.02442451e-06]
 [5.55566586e-06 5.71899973e-06]
 [2.33956405e-06 2.24442709e-06]
 [5.00227589e-06 4.46462414e-06]
 [3.00779129e-06 2.92877079e-06]
 [3.25764639e-06 3.04119759e-06]
 [5.48191340e-07 5.42576283e-07]
 [2.28780959e-06 2.14233342e-06]
 [2.77392816e-06 2.51616576e-06]
 [1.61614928e-05 1.51045247e-05]
 [1.97234687e-05 1.77736624e-05]
 [4.00632001e-06 3.91372476e-06]
 [5.02819120e-06 4.33811850e-06]
 [5.05550026e-06 4.84667050e-06]
 [5.18196489e-05 4.44576813e-05]
 [2.10283102e-05 1.59431661e-05]
 [3.33637593e-07 3.34560822e-07]
 [9.01736168e-06 9.52466541e-06]
 [3.83609278e-06 3.71955896e-06]
 [1.71588600e-06 1.60115877e-06]
 [9.38437183e-06 1.01752259e-05]]
95 confidence interval:[[[1.43602398e-007 1.97269065e-007]
  [2.85627496e-006 3.26797363e-006]
  [2.17394439e-007 3.12984911e-007]
  [2.75702917e-006 3.14464598e-006]
  [7.86501565e-007 1.91218312e-006]
  [2.32685687e-006 2.22780816e-006]
  [1.83810204e-007 2.23405803e-007]
  [8.77485768e-010 1.11733009e-009]
  [4.72199811e-008 8.39759520e-008]
  [0.00000000e+000 3.20844936e-098]
  [1.57838177e-007 2.01300380e-007]
  [9.17785687e-008 9.60367519e-008]
  [1.10498823e-007 1.22380251e-007]
  [2.34542025e-007 2.73316813e-007]
  [2.83338048e-007 3.38853467e-007]
  [3.97037357e-007 4.62666088e-007]
  [4.65520674e-008 5.59788460e-008]
  [8.34604893e-009 1.72656027e-008]
  [1.32600989e-007 3.38900423e-007]
  [7.60508475e-007 1.00734072e-006]
  [5.04915426e-007 5.02279615e-007]
  [2.86842868e-007 1.06344431e-006]
  [1.63835663e-009 3.24871262e-008]
  [1.41714815e-008 2.24157212e-008]
  [1.49161780e-009 1.09927259e-008]
  [2.94899608e-017 6.77225436e-018]
  [5.14929364e-008 5.27232310e-008]
  [1.51459072e-007 1.80170768e-007]
  [5.22805770e-008 6.55906997e-008]
  [4.10857793e-007 6.98889559e-007]
  [5.00501565e-008 4.63410684e-008]
  [1.94211331e-011 6.32779090e-009]
  [2.68949801e-007 2.84937952e-007]
  [9.77770627e-008 1.25675883e-007]
  [1.53806061e-009 2.74602910e-008]
  [7.57239417e-008 1.05922540e-007]
  [2.44138658e-007 2.44548496e-007]
  [1.77801896e-008 2.89784033e-008]
  [5.83707205e-009 8.43707651e-009]
  [2.31783119e-007 2.15654794e-007]
  [7.12180822e-007 1.05580653e-006]
  [0.00000000e+000 4.09308909e-014]
  [6.36667381e-008 1.32264944e-007]
  [4.00948424e-020 5.28340957e-019]
  [2.73091333e-007 3.46343738e-007]
  [1.03482181e-006 1.99669235e-006]
  [1.89572146e-007 3.52153276e-007]
  [4.06478628e-024 3.82386182e-025]
  [1.22485481e-007 1.19872381e-007]
  [1.84684383e-015 8.19246789e-012]
  [2.15926699e-111 7.54244539e-107]
  [6.73830308e-007 7.59623212e-007]]

 [[2.20326890e-005 2.13612185e-005]
  [9.04277927e-005 9.98546215e-005]
  [1.35765917e-005 1.43935119e-005]
  [9.75341570e-005 1.07374941e-004]
  [7.76135417e-005 7.37491713e-005]
  [2.80116438e-004 2.26905376e-004]
  [1.00244643e-005 1.07134076e-005]
  [6.60150681e-006 7.11336314e-006]
  [8.03460046e-006 8.14103047e-006]
  [6.17976958e-006 5.78669802e-006]
  [8.47102522e-006 8.17761224e-006]
  [6.77545863e-006 6.63141114e-006]
  [5.26987010e-006 5.07134845e-006]
  [1.23507938e-005 1.29590454e-005]
  [2.28850193e-005 2.14913777e-005]
  [1.74957306e-005 1.82116479e-005]
  [1.41428189e-005 1.38712459e-005]
  [7.63368342e-006 7.64718816e-006]
  [3.51880759e-005 3.26685592e-005]
  [7.65809268e-005 7.33836729e-005]
  [9.44904262e-005 8.47735061e-005]
  [7.37412426e-005 6.45237304e-005]
  [5.41999750e-005 6.22965962e-005]
  [2.70504622e-006 2.73796417e-006]
  [4.32673700e-006 4.47048887e-006]
  [9.63927367e-006 1.05065509e-005]
  [5.92882212e-006 5.64330258e-006]
  [8.64523875e-006 8.60005065e-006]
  [1.29045452e-005 1.23095256e-005]
  [4.03477933e-005 3.86540840e-005]
  [9.78179993e-006 9.38258631e-006]
  [1.39945819e-005 1.30662421e-005]
  [1.84301248e-005 1.88843163e-005]
  [7.70540493e-006 7.47110558e-006]
  [1.59429226e-005 1.43639409e-005]
  [9.89853108e-006 9.72774199e-006]
  [1.09681653e-005 1.02575097e-005]
  [1.79765045e-006 1.80476506e-006]
  [7.17145789e-006 6.88019011e-006]
  [9.37524605e-006 8.48645048e-006]
  [5.36684065e-005 5.04932042e-005]
  [5.73268455e-005 5.38628544e-005]
  [1.29979461e-005 1.29348743e-005]
  [1.55663068e-005 1.34834695e-005]
  [1.69111395e-005 1.62462554e-005]
  [1.70038030e-004 1.46869460e-004]
  [6.73089968e-005 5.19211669e-005]
  [1.05201348e-006 1.06190515e-006]
  [2.97591456e-005 3.11916513e-005]
  [1.25934603e-005 1.19405381e-005]
  [5.00512118e-006 4.68633831e-006]
  [3.16105100e-005 3.42074517e-005]]]
####################
->>>->>->>log.likelihood
####################
mean: [[  -11.98878745   -11.88612728]
 [  -10.21977596   -10.11382686]
 [  -12.31129795   -12.20082055]
 [  -10.22412518   -10.08291862]
 [  -10.65393686   -10.45989369]
 [   -9.51236374    -9.66302347]
 [  -12.80906799   -12.46884099]
 [  -13.56495656   -13.39681143]
 [  -12.97258642   -12.85184908]
 [-3840.73168309   -35.95688037]
 [  -12.729613     -12.70291148]
 [  -12.99083655   -13.00677039]
 [  -13.14928893   -13.17292951]
 [  -12.33248772   -12.27234088]
 [  -11.8013579    -11.81034467]
 [  -11.97143039   -11.89665593]
 [  -12.45984775   -12.43469037]
 [  -13.3259192    -13.12391847]
 [  -11.55984201   -11.46051847]
 [  -10.60833542   -10.5944879 ]
 [  -10.54043374   -10.61419501]
 [  -10.84734302   -10.74851224]
 [  -12.31790937   -11.64642195]
 [  -14.2622983    -14.02207349]
 [  -13.83935651   -13.54204827]
 [  -15.03422822   -15.02561538]
 [  -13.18904461   -13.20538256]
 [  -12.74256918   -12.66041414]
 [  -12.63530108   -12.61493627]
 [  -11.31018857   -11.20531779]
 [  -12.81751005   -12.8360912 ]
 [  -13.12861889   -12.93409191]
 [  -12.04908481   -11.98266901]
 [  -12.85619955   -12.83879386]
 [  -12.80989163   -12.66771585]
 [  -12.69169014   -12.64940047]
 [  -12.41692855   -12.46727718]
 [  -14.45991999   -14.28386604]
 [  -13.23873075   -13.16389315]
 [  -12.55874751   -12.65367506]
 [  -11.03349184   -10.9445837 ]
 [-1600.32854421   -12.54890661]
 [  -12.46880241   -12.42026782]
 [  -14.3418183    -14.24340471]
 [  -12.08469099   -12.06998963]
 [   -9.98466519    -9.9853337 ]
 [  -11.0367577    -11.13711777]
 [  -17.47859649   -17.48707916]
 [  -11.63455247   -11.59027815]
 [  -13.99196828   -13.46086955]
 [  -35.93343073   -35.19590951]
 [  -11.36433576   -11.25696038]]
median: [[-11.45172831 -11.47903278]
 [ -9.92970389  -9.82565185]
 [-11.92555782 -11.88474522]
 [ -9.88628033  -9.78830857]
 [-10.09684059 -10.15632552]
 [ -9.13679098  -9.2823572 ]
 [-12.24484596 -12.12758598]
 [-12.75046393 -12.69526773]
 [-12.44205769 -12.41284043]
 [-13.05293455 -13.09573284]
 [-12.37372857 -12.39133124]
 [-12.59359355 -12.61739775]
 [-12.80842254 -12.85988266]
 [-11.97552373 -11.9425044 ]
 [-11.38701087 -11.45303894]
 [-11.64514544 -11.58796425]
 [-11.90864731 -11.9084896 ]
 [-12.56493354 -12.49603251]
 [-10.92163023 -11.01917778]
 [-10.14097159 -10.22531119]
 [-10.10355095 -10.18529932]
 [-10.26247583 -10.41078424]
 [-11.06340531 -11.02592512]
 [-13.55353447 -13.52650812]
 [-13.00294073 -12.99385651]
 [-12.55918331 -12.48412134]
 [-12.74377723 -12.79516979]
 [-12.28344431 -12.3365166 ]
 [-11.97417716 -12.01711377]
 [-10.80761092 -10.87160649]
 [-12.28813187 -12.32139236]
 [-11.92249607 -11.96673495]
 [-11.6652093  -11.62806855]
 [-12.46974553 -12.48521532]
 [-11.904398   -11.91672551]
 [-12.23063908 -12.23684952]
 [-12.09055043 -12.15026161]
 [-13.97940479 -13.91893754]
 [-12.55131492 -12.59328683]
 [-12.25024051 -12.34534267]
 [-10.5815783  -10.63280165]
 [-10.76347553 -10.73368367]
 [-11.93826883 -11.9526545 ]
 [-11.91044263 -12.06714034]
 [-11.68891006 -11.75424958]
 [ -9.56214494  -9.62899524]
 [-10.47302898 -10.67117053]
 [-14.56453138 -14.56035098]
 [-11.17086153 -11.11158944]
 [-12.09692146 -12.09004204]
 [-13.26512416 -13.33245618]
 [-11.0191953  -10.93500215]]
std: [[2.72210989e+00 1.38260117e+00]
 [9.41317537e-01 9.34157569e-01]
 [1.60049073e+00 1.04851512e+00]
 [1.47266337e+00 9.61609707e-01]
 [2.71523633e+00 9.93262267e-01]
 [1.30808662e+00 1.26555505e+00]
 [4.85693556e+00 1.15472730e+00]
 [3.90821891e+00 2.22917555e+00]
 [2.89045252e+00 1.53502647e+00]
 [1.27402589e+04 5.51144916e+01]
 [1.38323711e+00 1.03043873e+00]
 [1.41483590e+00 1.36396544e+00]
 [1.14872843e+00 1.04517734e+00]
 [1.28481308e+00 1.08200465e+00]
 [1.59518755e+00 1.13008924e+00]
 [1.10399421e+00 1.01314155e+00]
 [1.92686417e+00 1.84976414e+00]
 [3.14806102e+00 2.52953038e+00]
 [3.03570960e+00 1.56842239e+00]
 [1.82855853e+00 1.17096107e+00]
 [1.43837635e+00 1.40234200e+00]
 [2.44325149e+00 1.11188612e+00]
 [6.28720422e+00 2.08675824e+00]
 [5.67513541e+00 1.96559007e+00]
 [5.58194563e+00 1.99465463e+00]
 [7.24148577e+00 6.80660866e+00]
 [1.63970555e+00 1.32383322e+00]
 [2.51134504e+00 1.07687423e+00]
 [2.96402066e+00 2.62179300e+00]
 [2.55804866e+00 1.08321905e+00]
 [2.33801137e+00 1.92982932e+00]
 [5.75837547e+00 4.75444483e+00]
 [1.54653404e+00 1.14505726e+00]
 [1.30128421e+00 1.15875277e+00]
 [4.56457193e+00 3.28514565e+00]
 [1.83315183e+00 1.42387731e+00]
 [1.08396236e+00 1.03176607e+00]
 [3.11173145e+00 1.22199580e+00]
 [2.60852548e+00 1.71967721e+00]
 [1.01224750e+00 1.00691633e+00]
 [2.23111291e+00 1.05570840e+00]
 [2.75355991e+03 5.97271580e+00]
 [1.92806043e+00 1.79950168e+00]
 [9.72215459e+00 8.78635479e+00]
 [1.70333148e+00 1.04834437e+00]
 [1.40235186e+00 1.18260111e+00]
 [1.96393220e+00 1.67848064e+00]
 [1.39598761e+01 1.43767629e+01]
 [1.73272563e+00 1.60573429e+00]
 [1.43628616e+01 6.92837198e+00]
 [5.70951702e+01 5.53748748e+01]
 [1.26980163e+00 1.03112744e+00]]
95 confidence interval:[[[-1.57562175e+01 -1.54386972e+01]
  [-1.27659922e+01 -1.26313404e+01]
  [-1.53415524e+01 -1.49771109e+01]
  [-1.28013568e+01 -1.26698092e+01]
  [-1.40556711e+01 -1.31672650e+01]
  [-1.29709922e+01 -1.30144923e+01]
  [-1.55093621e+01 -1.53142760e+01]
  [-2.08539604e+01 -2.06123239e+01]
  [-1.68684487e+01 -1.62927354e+01]
  [-4.73764571e+04 -2.24487551e+02]
  [-1.56616955e+01 -1.54184676e+01]
  [-1.62038870e+01 -1.61585349e+01]
  [-1.60182610e+01 -1.59161328e+01]
  [-1.52656311e+01 -1.51126342e+01]
  [-1.50766251e+01 -1.48976981e+01]
  [-1.47392355e+01 -1.45862602e+01]
  [-1.68826944e+01 -1.66982920e+01]
  [-1.86014776e+01 -1.78745496e+01]
  [-1.58359213e+01 -1.48975595e+01]
  [-1.40892786e+01 -1.38081967e+01]
  [-1.44988749e+01 -1.45041089e+01]
  [-1.50643313e+01 -1.37539976e+01]
  [-2.02295722e+01 -1.72424219e+01]
  [-1.80720342e+01 -1.76135033e+01]
  [-2.03234045e+01 -1.83260321e+01]
  [-3.80624818e+01 -3.95336977e+01]
  [-1.67818212e+01 -1.67582097e+01]
  [-1.57029504e+01 -1.55293607e+01]
  [-1.67666409e+01 -1.65398320e+01]
  [-1.47050187e+01 -1.41737731e+01]
  [-1.68102402e+01 -1.68872373e+01]
  [-2.46646593e+01 -1.88783148e+01]
  [-1.51287411e+01 -1.50709944e+01]
  [-1.61405758e+01 -1.58895596e+01]
  [-2.02927436e+01 -1.74105249e+01]
  [-1.63961715e+01 -1.60605578e+01]
  [-1.52255295e+01 -1.52238522e+01]
  [-1.78451809e+01 -1.73567150e+01]
  [-1.89590365e+01 -1.85906300e+01]
  [-1.52774637e+01 -1.53495869e+01]
  [-1.41549340e+01 -1.37612056e+01]
  [-6.46588921e+03 -3.08268915e+01]
  [-1.65696036e+01 -1.58384588e+01]
  [-4.46630392e+01 -4.20845453e+01]
  [-1.51134596e+01 -1.48758341e+01]
  [-1.37812813e+01 -1.31240186e+01]
  [-1.54784962e+01 -1.48591993e+01]
  [-5.38596811e+01 -5.62233667e+01]
  [-1.59152733e+01 -1.59368382e+01]
  [-3.39252983e+01 -2.55278062e+01]
  [-2.54817178e+02 -2.44356059e+02]
  [-1.42102875e+01 -1.40904433e+01]]

 [[-1.07229833e+01 -1.07539335e+01]
  [-9.31095890e+00 -9.21179521e+00]
  [-1.12071634e+01 -1.11487330e+01]
  [-9.23530791e+00 -9.13918373e+00]
  [-9.46376864e+00 -9.51484080e+00]
  [-8.18030519e+00 -8.39097747e+00]
  [-1.15104820e+01 -1.14440146e+01]
  [-1.19282126e+01 -1.18535354e+01]
  [-1.17317533e+01 -1.17185938e+01]
  [-1.19942296e+01 -1.20599487e+01]
  [-1.16788590e+01 -1.17141104e+01]
  [-1.19022035e+01 -1.19236929e+01]
  [-1.21535048e+01 -1.21919038e+01]
  [-1.13017902e+01 -1.12537165e+01]
  [-1.06850280e+01 -1.07478587e+01]
  [-1.09535537e+01 -1.09134492e+01]
  [-1.11663036e+01 -1.11856925e+01]
  [-1.17829401e+01 -1.17811725e+01]
  [-1.02548033e+01 -1.03290974e+01]
  [-9.47716251e+00 -9.51980909e+00]
  [-9.26701204e+00 -9.37552749e+00]
  [-9.51494831e+00 -9.64847749e+00]
  [-9.82283011e+00 -9.68360377e+00]
  [-1.28203916e+01 -1.28082959e+01]
  [-1.23506969e+01 -1.23180128e+01]
  [-1.15496648e+01 -1.14635116e+01]
  [-1.20356850e+01 -1.20850411e+01]
  [-1.16585018e+01 -1.16637425e+01]
  [-1.12579310e+01 -1.13051372e+01]
  [-1.01179739e+01 -1.01608581e+01]
  [-1.15349870e+01 -1.15766551e+01]
  [-1.11768403e+01 -1.12454786e+01]
  [-1.09015240e+01 -1.08771788e+01]
  [-1.17735885e+01 -1.18044676e+01]
  [-1.10464956e+01 -1.11507896e+01]
  [-1.15231242e+01 -1.15405288e+01]
  [-1.14205135e+01 -1.14875005e+01]
  [-1.32290301e+01 -1.32250801e+01]
  [-1.18454016e+01 -1.18868643e+01]
  [-1.15774377e+01 -1.16770397e+01]
  [-9.83268606e+00 -9.89367180e+00]
  [-9.76674154e+00 -9.82906948e+00]
  [-1.12507192e+01 -1.12555835e+01]
  [-1.10704018e+01 -1.12140461e+01]
  [-1.09875380e+01 -1.10276481e+01]
  [-8.67948844e+00 -8.82596639e+00]
  [-9.60621665e+00 -9.86578401e+00]
  [-1.37648046e+01 -1.37554459e+01]
  [-1.04223741e+01 -1.03753601e+01]
  [-1.12823329e+01 -1.13355714e+01]
  [-1.22050489e+01 -1.22708590e+01]
  [-1.03620209e+01 -1.02830671e+01]]]
####################
->>>->>->>log.likelihood_sum
####################
mean: [-6773.00484085]
median: [-1253.70915936]
std: [14612.34622276]
95 confidence interval:[[-56080.7858127 ]
 [ -1231.49385507]]
####################
->>>->>->>rate
####################
mean: [[[0.16839635 0.80013316 0.10536712]
  [0.16889847 0.79929758 0.11933457]]

 [[0.22623828 0.9105588  0.0392451 ]
  [0.21481351 0.91704918 0.04162424]]

 [[0.2363164  0.91739558 0.08693096]
  [0.22321755 0.91872234 0.09388814]]

 [[0.16464333 0.90196218 0.04251398]
  [0.16391764 0.90362017 0.04799977]]

 [[0.22577885 0.84649386 0.0800239 ]
  [0.21901847 0.84717352 0.09181479]]

 [[0.25018933 0.85539977 0.02492946]
  [0.22654193 0.87060543 0.02982343]]

 [[0.23595064 0.89477604 0.09928748]
  [0.22441122 0.90033735 0.10062151]]

 [[0.1375747  0.80462716 0.04743476]
  [0.1317444  0.82979753 0.04783405]]

 [[0.18688413 0.85155127 0.05741211]
  [0.17491075 0.85732495 0.06411391]]

 [[0.29429023 0.95545961 0.09311038]
  [0.23536059 0.9542582  0.09673512]]

 [[0.22586547 0.81365498 0.08891803]
  [0.22470323 0.81029507 0.09701461]]

 [[0.27050684 0.88415284 0.12587428]
  [0.27068868 0.88886251 0.13810097]]

 [[0.27032707 0.83566221 0.06719988]
  [0.25743153 0.81907732 0.07569526]]

 [[0.18437815 0.78634939 0.10325294]
  [0.18632371 0.79012644 0.09575973]]

 [[0.24046667 0.72669919 0.07068409]
  [0.2405608  0.72756037 0.07947824]]

 [[0.25120848 0.92432017 0.11262227]
  [0.23343576 0.92556963 0.11265945]]

 [[0.19519247 0.9581464  0.08093408]
  [0.19691456 0.9574828  0.09219994]]

 [[0.22364897 0.80712224 0.11218042]
  [0.2144992  0.81536713 0.12341165]]

 [[0.18716395 0.93444529 0.11698673]
  [0.18693429 0.92922455 0.13661895]]

 [[0.24162761 0.9270961  0.12788023]
  [0.24486486 0.92549582 0.14768481]]

 [[0.21383628 0.90132716 0.08738066]
  [0.21272224 0.90072628 0.10522813]]

 [[0.22089709 0.90114496 0.05551988]
  [0.22837393 0.90227183 0.06868044]]

 [[0.09771323 0.84901329 0.10906103]
  [0.07881714 0.8946998  0.09787483]]

 [[0.21067646 0.81082819 0.0785269 ]
  [0.2000433  0.8181707  0.08590515]]

 [[0.27455895 0.88991337 0.10950421]
  [0.26026548 0.90237884 0.11006593]]

 [[0.23853459 0.9282227  0.11998722]
  [0.23022221 0.939503   0.1114819 ]]

 [[0.32181604 0.80863189 0.05784272]
  [0.30836074 0.81432346 0.06544453]]

 [[0.2261323  0.74299832 0.08484879]
  [0.21667442 0.74920383 0.0914487 ]]

 [[0.1401364  0.834043   0.0534545 ]
  [0.13322177 0.8414379  0.06498597]]

 [[0.32992023 0.93843105 0.07817077]
  [0.33702448 0.933994   0.09106107]]

 [[0.28220245 0.79382925 0.08289293]
  [0.27893398 0.79946905 0.09584801]]

 [[0.30111654 0.89848391 0.10587988]
  [0.28240823 0.90008117 0.13340569]]

 [[0.38275776 0.86237248 0.06496135]
  [0.36627404 0.86305391 0.06811887]]

 [[0.27793348 0.88479302 0.08291358]
  [0.26259746 0.87538788 0.09838785]]

 [[0.2748725  0.82679914 0.07050918]
  [0.2894672  0.81408357 0.08674639]]

 [[0.27623231 0.87612974 0.07588478]
  [0.27628557 0.8724459  0.08235013]]

 [[0.26019674 0.67463065 0.09575368]
  [0.2545057  0.66309406 0.10630137]]

 [[0.194728   0.7111076  0.08592068]
  [0.19432639 0.72012049 0.09021824]]

 [[0.22966435 0.92080774 0.10128783]
  [0.23076479 0.91914638 0.11283695]]

 [[0.15829572 0.70406019 0.1080339 ]
  [0.15400248 0.69830427 0.12629171]]

 [[0.26223372 0.89238054 0.08054456]
  [0.26798632 0.89238924 0.08766881]]

 [[0.37344883 0.93261297 0.12395207]
  [0.17273843 0.93165672 0.1220074 ]]

 [[0.32424153 0.62976349 0.16515289]
  [0.28232739 0.65878401 0.1967096 ]]

 [[0.32810813 0.98829874 0.16763336]
  [0.3212549  0.98599492 0.21683882]]

 [[0.17282339 0.93806074 0.11949867]
  [0.1777954  0.93958936 0.13011795]]

 [[0.18622472 0.92842119 0.06462159]
  [0.18565155 0.92854524 0.08157079]]

 [[0.20555896 0.88923345 0.12133912]
  [0.20216743 0.88685643 0.15078055]]

 [[0.2247564  0.74705412 0.19492353]
  [0.22335241 0.75585019 0.20938174]]

 [[0.17517544 0.8523694  0.14050541]
  [0.16614832 0.85631419 0.15515283]]

 [[0.16854278 0.82483212 0.09798719]
  [0.15648553 0.84611393 0.12176597]]

 [[0.25152104 0.84020931 0.13548183]
  [0.23902638 0.84442044 0.15412812]]

 [[0.32831993 0.87899284 0.14594835]
  [0.31358804 0.88008014 0.14418898]]]
median: [[[0.19454054 0.92614028 0.12173212]
  [0.19438112 0.91914619 0.13719618]]

 [[0.23986854 0.97035564 0.04119541]
  [0.22622106 0.96937033 0.04342869]]

 [[0.24791459 0.96313064 0.09142808]
  [0.23327449 0.96036271 0.09780952]]

 [[0.17723672 0.97946134 0.04542804]
  [0.17577727 0.97690182 0.05095767]]

 [[0.24255087 0.91428981 0.08602752]
  [0.23439196 0.90952054 0.098078  ]]

 [[0.27052441 0.93296323 0.02665741]
  [0.24208188 0.93737754 0.03139268]]

 [[0.25008974 0.95423612 0.10619638]
  [0.24013706 0.96532114 0.10754203]]

 [[0.14726232 0.86201175 0.0507324 ]
  [0.14426527 0.90940398 0.05206565]]

 [[0.20164568 0.92861541 0.06170166]
  [0.18785422 0.93111603 0.06847797]]

 [[0.24055379 0.98866005 0.09087013]
  [0.24336017 0.98795419 0.10013924]]

 [[0.24928101 0.8982099  0.0980658 ]
  [0.24614714 0.88705871 0.10645915]]

 [[0.27144815 0.88776897 0.12611145]
  [0.27466152 0.90226939 0.14044104]]

 [[0.29448785 0.91076955 0.07311765]
  [0.28333496 0.90137571 0.08323986]]

 [[0.22851504 0.97727032 0.12804786]
  [0.23004746 0.97556409 0.11811296]]

 [[0.2995474  0.90400478 0.08751266]
  [0.29588078 0.89668077 0.09758421]]

 [[0.26515689 0.98303585 0.11865482]
  [0.24620463 0.9806747  0.11859153]]

 [[0.2018883  0.99540166 0.08338854]
  [0.20362498 0.99507835 0.09502075]]

 [[0.2681836  0.97535099 0.13456523]
  [0.25663268 0.98123606 0.14614832]]

 [[0.19424312 0.97437468 0.12103908]
  [0.19468885 0.97286974 0.1419928 ]]

 [[0.24683263 0.95005062 0.13052689]
  [0.2504559  0.94928372 0.15110059]]

 [[0.22753635 0.964156   0.09244548]
  [0.22606574 0.95937935 0.1112712 ]]

 [[0.23691756 0.97539417 0.05922551]
  [0.24572438 0.97728603 0.07310082]]

 [[0.11116198 0.97776192 0.12435889]
  [0.08546538 0.97670672 0.10607036]]

 [[0.2165979  0.87159146 0.08362215]
  [0.21473513 0.88597178 0.0914909 ]]

 [[0.29322431 0.95095953 0.11683002]
  [0.27361301 0.94856473 0.11572453]]

 [[0.25527718 0.9977247  0.12796824]
  [0.2433401  0.99721706 0.11681322]]

 [[0.39530439 0.99562697 0.0708707 ]
  [0.37608067 0.99523152 0.07961382]]

 [[0.28803973 0.94738181 0.10805761]
  [0.274379   0.94932034 0.11578722]]

 [[0.15783259 0.94018506 0.06033544]
  [0.14977612 0.94504226 0.07302971]]

 [[0.34609682 0.99343015 0.08145449]
  [0.35569695 0.99604905 0.09521735]]

 [[0.31586102 0.88816958 0.09253297]
  [0.31290096 0.89660188 0.1076652 ]]

 [[0.33311546 0.99846888 0.11664928]
  [0.31182421 0.99801271 0.14725981]]

 [[0.38446848 0.86957822 0.06542386]
  [0.3687308  0.86790375 0.06886135]]

 [[0.28477695 0.90824268 0.08468024]
  [0.26385638 0.87925068 0.09893877]]

 [[0.32216782 0.96780675 0.08184837]
  [0.34168386 0.96673094 0.10104184]]

 [[0.29221646 0.92766604 0.08002766]
  [0.2916457  0.92167385 0.08682697]]

 [[0.26654147 0.69132164 0.09848911]
  [0.24778534 0.6445315  0.10309096]]

 [[0.23704377 0.88897015 0.10700021]
  [0.2408823  0.89908161 0.11142219]]

 [[0.24295662 0.97461567 0.10707308]
  [0.24310551 0.9688721  0.11867958]]

 [[0.15299788 0.68063818 0.10449212]
  [0.14738231 0.66857857 0.12093302]]

 [[0.28085492 0.956733   0.08570991]
  [0.28719754 0.9622065  0.09348412]]

 [[0.17931105 0.97090338 0.11201298]
  [0.17858228 0.96874055 0.12416681]]

 [[0.28260143 0.5497145  0.1436759 ]
  [0.26153473 0.60910088 0.18235973]]

 [[0.32918092 0.99413252 0.16716747]
  [0.32259017 0.99182971 0.21795398]]

 [[0.18056133 0.98576153 0.12446942]
  [0.18530159 0.9856106  0.13529298]]

 [[0.19405116 0.98356887 0.06710509]
  [0.19378835 0.98221674 0.08465877]]

 [[0.21374746 0.92790118 0.12545942]
  [0.21077007 0.92490067 0.15719954]]

 [[0.21778157 0.7243519  0.1886262 ]
  [0.21500402 0.7273297  0.2018942 ]]

 [[0.20014619 0.98118993 0.1605075 ]
  [0.18932642 0.97954529 0.17656491]]

 [[0.16373592 0.80102397 0.09466341]
  [0.15365114 0.829304   0.11987198]]

 [[0.27492104 0.92216923 0.14512249]
  [0.2628126  0.92647558 0.16869719]]

 [[0.33932773 0.90915309 0.15106583]
  [0.32323853 0.90820451 0.1482056 ]]]
std: [[[0.0483865  0.22994609 0.03040661]
  [0.04703172 0.22201547 0.03311799]]

 [[0.03049052 0.12234519 0.00543094]
  [0.02670266 0.11237069 0.00532736]]

 [[0.02812979 0.10914665 0.01023832]
  [0.02527929 0.10336621 0.01081707]]

 [[0.03315689 0.18043632 0.00861679]
  [0.03192599 0.17531397 0.00949159]]

 [[0.0467156  0.17503653 0.01670696]
  [0.04366995 0.16814489 0.0183247 ]]

 [[0.05200403 0.17804313 0.00544477]
  [0.04379189 0.16536342 0.00602956]]

 [[0.03422296 0.12946963 0.01433352]
  [0.03115364 0.1247216  0.01404695]]

 [[0.03076818 0.18020744 0.0104627 ]
  [0.02605015 0.16391704 0.00966162]]

 [[0.03456484 0.15746123 0.01070662]
  [0.03084663 0.15092556 0.01122381]]

 [[0.20684016 0.066503   0.01519363]
  [0.01678224 0.06794346 0.00803222]]

 [[0.05756968 0.20732791 0.02267369]
  [0.05584246 0.20134749 0.02412803]]

 [[0.03244307 0.10590749 0.01514155]
  [0.03141749 0.10302907 0.01603276]]

 [[0.04417534 0.13643217 0.01101323]
  [0.04888353 0.15546147 0.01433996]]

 [[0.08015505 0.34178303 0.04486238]
  [0.0785336  0.33306382 0.04041384]]

 [[0.09879336 0.29829602 0.02914269]
  [0.09581033 0.28996851 0.03160116]]

 [[0.02908307 0.10625272 0.01299692]
  [0.02602891 0.10262506 0.01262056]]

 [[0.01326387 0.06473576 0.00568945]
  [0.01342631 0.06530847 0.00628747]]

 [[0.07988458 0.28821698 0.04017688]
  [0.07335389 0.27891161 0.04213445]]

 [[0.01843739 0.09102655 0.01169633]
  [0.01835832 0.09071401 0.01341885]]

 [[0.02236883 0.08468742 0.01251743]
  [0.02291261 0.08483849 0.01358809]]

 [[0.03558287 0.14964833 0.01528825]
  [0.03514279 0.14697388 0.0169124 ]]

 [[0.03609926 0.1482141  0.00938692]
  [0.0377482  0.14794417 0.01131102]]

 [[0.02660573 0.23301163 0.02968833]
  [0.01438776 0.1607606  0.01810849]]

 [[0.05080593 0.19566155 0.01903168]
  [0.04586747 0.18764007 0.01962626]]

 [[0.0430704  0.1399192  0.01728084]
  [0.03476555 0.12044712 0.01466889]]

 [[0.03289358 0.12826413 0.01631517]
  [0.0265099  0.10736482 0.01346461]]

 [[0.12894503 0.32404212 0.02319662]
  [0.1187153  0.31347137 0.02518994]]

 [[0.11317815 0.37180753 0.0424647 ]
  [0.105607   0.36517005 0.04458389]]

 [[0.03790854 0.22558399 0.01450174]
  [0.03409691 0.21517386 0.01663072]]

 [[0.03417281 0.09685275 0.00829498]
  [0.03749694 0.10325264 0.01020633]]

 [[0.08864438 0.24958333 0.02612858]
  [0.08560735 0.24535913 0.02938076]]

 [[0.06038125 0.18015857 0.02144363]
  [0.05538753 0.1764476  0.02612599]]

 [[0.04501652 0.10145176 0.00761042]
  [0.0420812  0.09867277 0.00799902]]

 [[0.02696494 0.08573575 0.00808761]
  [0.02523468 0.08394738 0.00947248]]

 [[0.07269691 0.2191667  0.01892044]
  [0.07892862 0.22197697 0.02351667]]

 [[0.03870731 0.12249395 0.01066246]
  [0.03832324 0.12112358 0.01146908]]

 [[0.07464517 0.19341258 0.02741937]
  [0.06803226 0.17746532 0.02849937]]

 [[0.09078441 0.331685   0.04007485]
  [0.08642666 0.32027703 0.04012231]]

 [[0.02752058 0.11048068 0.01210467]
  [0.02711777 0.10772335 0.01337902]]

 [[0.04548305 0.20198157 0.03106017]
  [0.04409367 0.20012179 0.03616225]]

 [[0.03906918 0.13200635 0.0122275 ]
  [0.04052341 0.13439988 0.01316104]]

 [[0.35534384 0.09104448 0.0339436 ]
  [0.01716436 0.08969294 0.01410215]]

 [[0.12606662 0.24359535 0.06447928]
  [0.0975495  0.22851612 0.06770345]]

 [[0.00585482 0.01526022 0.00547599]
  [0.00612506 0.01725372 0.00511723]]

 [[0.01506015 0.08091777 0.01036622]
  [0.01463503 0.07692935 0.01080037]]

 [[0.02574006 0.1239635  0.00934471]
  [0.02475509 0.12163852 0.01083087]]

 [[0.02755114 0.11479012 0.01675829]
  [0.02613068 0.11531666 0.0192107 ]]

 [[0.05269937 0.17464296 0.04601414]
  [0.04884112 0.16558135 0.04546677]]

 [[0.04861827 0.23537517 0.03898933]
  [0.04424716 0.22813468 0.04134982]]

 [[0.02436146 0.11982713 0.01496484]
  [0.01941854 0.10581862 0.01479793]]

 [[0.05554451 0.18327303 0.03222162]
  [0.05006705 0.17860878 0.03099745]]

 [[0.0427297  0.11382711 0.0188893 ]
  [0.03934875 0.10981396 0.01838388]]]
95 confidence interval:[[[[0.06723258 0.31858255 0.04188196]
   [0.06968138 0.33010594 0.04924262]]

  [[0.14470763 0.58020967 0.02479062]
   [0.1399883  0.59958271 0.0272443 ]]

  [[0.15168014 0.58905229 0.05594576]
   [0.14763376 0.60766323 0.06192763]]

  [[0.03555535 0.19495114 0.00911524]
   [0.03881135 0.21377307 0.01125954]]

  [[0.08080566 0.3038367  0.02873783]
   [0.0865345  0.33316983 0.03604386]]

  [[0.1136314  0.38754619 0.01081875]
   [0.10917747 0.42118475 0.01462184]]

  [[0.14778649 0.55992463 0.06219632]
   [0.14427181 0.57900772 0.06466834]]

  [[0.08691522 0.50813969 0.03003399]
   [0.08372045 0.52734086 0.0302331 ]]

  [[0.12546423 0.57085176 0.03835247]
   [0.1197329  0.58732531 0.04394861]]

  [[0.19408308 0.79836311 0.07329478]
   [0.19498059 0.79018144 0.08077578]]

  [[0.10366644 0.37392643 0.04080909]
   [0.10788653 0.38955443 0.04663791]]

  [[0.20904213 0.68277991 0.09728307]
   [0.21198969 0.69532922 0.10813486]]

  [[0.18370699 0.5672699  0.04562765]
   [0.16277152 0.51828132 0.04791762]]

  [[0.03013316 0.1285631  0.01693563]
   [0.03341836 0.14141053 0.01712558]]

  [[0.05601878 0.1693749  0.01635038]
   [0.06123177 0.18492114 0.02027373]]

  [[0.17596538 0.64725454 0.07875374]
   [0.16594701 0.657681   0.08011113]]

  [[0.15993791 0.78522366 0.06640274]
   [0.16149204 0.78409711 0.07551375]]

  [[0.06921315 0.24990418 0.03455201]
   [0.07095044 0.2696621  0.04095405]]

  [[0.13310129 0.66518427 0.08294551]
   [0.13470468 0.66899573 0.09846338]]

  [[0.17255139 0.65917079 0.0901021 ]
   [0.17596556 0.66493664 0.10651887]]

  [[0.10042335 0.42204696 0.04018899]
   [0.09979904 0.42547813 0.05049839]]

  [[0.12194398 0.49697793 0.03044553]
   [0.12617892 0.49899239 0.03812303]]

  [[0.03798073 0.32448994 0.04211619]
   [0.04143007 0.47507348 0.05129217]]

  [[0.12051848 0.46361832 0.04480838]
   [0.11826419 0.48365789 0.05084924]]

  [[0.17128508 0.55454546 0.06824333]
   [0.17441392 0.60518456 0.07382868]]

  [[0.15010183 0.58307361 0.07605216]
   [0.15641606 0.63956495 0.07504531]]

  [[0.07633467 0.19159087 0.01367222]
   [0.07927974 0.20943412 0.0168148 ]]

  [[0.02591238 0.085184   0.00973235]
   [0.0292927  0.10131849 0.01237631]]

  [[0.06323442 0.37676882 0.02415891]
   [0.06345778 0.40046876 0.03092336]]

  [[0.23605722 0.67047262 0.05568503]
   [0.23735107 0.65752432 0.06409035]]

  [[0.10748347 0.30264221 0.03153617]
   [0.10946599 0.31395807 0.03767616]]

  [[0.15505505 0.4629394  0.05443206]
   [0.14872963 0.47346947 0.07033417]]

  [[0.27792906 0.62600783 0.04741013]
   [0.2699426  0.63595367 0.04996598]]

  [[0.22030437 0.70296015 0.06567468]
   [0.20919572 0.69735386 0.0783832 ]]

  [[0.13670789 0.41084324 0.03476623]
   [0.14407895 0.40540424 0.04329898]]

  [[0.19246054 0.60934169 0.05256626]
   [0.19458077 0.61435261 0.05803651]]

  [[0.1367619  0.35488647 0.05034326]
   [0.14475109 0.37694381 0.06052393]]

  [[0.04829408 0.17620596 0.02128663]
   [0.05379885 0.19934649 0.02498211]]

  [[0.16342392 0.65407833 0.07194749]
   [0.16541303 0.65944703 0.08085813]]

  [[0.07782412 0.34625407 0.05306485]
   [0.08295263 0.375996   0.06804483]]

  [[0.14655412 0.5019645  0.04523727]
   [0.15260348 0.50686292 0.05003368]]

  [[0.12999639 0.70328393 0.08108341]
   [0.13051971 0.7076012  0.09101256]]

  [[0.15629843 0.30342759 0.0792622 ]
   [0.14237511 0.3320502  0.09940684]]

  [[0.3128903  0.9428111  0.15840966]
   [0.30565872 0.93889995 0.20320187]]

  [[0.13326947 0.7241533  0.09234374]
   [0.14019811 0.74129789 0.10250388]]

  [[0.09621297 0.48298247 0.03336   ]
   [0.09900041 0.49728439 0.04396653]]

  [[0.14217896 0.62192613 0.08391425]
   [0.14245819 0.62111626 0.10618326]]

  [[0.14395838 0.47904368 0.12476165]
   [0.14955265 0.50578054 0.14038668]]

  [[0.05885554 0.28744381 0.04732519]
   [0.05959872 0.30656516 0.05551103]]

  [[0.12811039 0.62573037 0.07406826]
   [0.12363116 0.6681461  0.09635193]]

  [[0.11682414 0.39170712 0.06162272]
   [0.11493576 0.40485439 0.07549119]]

  [[0.22244526 0.59527128 0.09933184]
   [0.21655234 0.6079426  0.09957845]]]


 [[[0.21036405 0.99348317 0.13329753]
   [0.20966485 0.98704857 0.148352  ]]

  [[0.25405188 0.99999751 0.04516744]
   [0.23955698 0.99999736 0.04775522]]

  [[0.25976724 0.9995991  0.09552959]
   [0.24533479 0.99967861 0.10415908]]

  [[0.18723683 0.99984232 0.04941076]
   [0.18605093 0.99986896 0.05596362]]

  [[0.27050177 0.99765425 0.09754876]
   [0.26134689 0.99688383 0.11039952]]

  [[0.30113059 0.99988604 0.03162112]
   [0.27022035 0.99987081 0.03788303]]

  [[0.26664042 0.99999482 0.11218517]
   [0.25142567 0.99999897 0.11346295]]

  [[0.17183177 0.99944601 0.05906629]
   [0.15976844 0.99948577 0.05921418]]

  [[0.22157048 0.99991198 0.06864665]
   [0.20567569 0.99993815 0.07578266]]

  [[0.99589248 0.99999372 0.14082365]
   [0.25001695 0.99999435 0.11384959]]

  [[0.27387599 0.98408899 0.10803213]
   [0.27296153 0.98209774 0.11820781]]

  [[0.30807305 0.99999656 0.14420504]
   [0.30672446 0.99999754 0.15695925]]

  [[0.31021822 0.95777381 0.0772555 ]
   [0.30033708 0.95517054 0.0883904 ]]

  [[0.23606482 0.99732011 0.13265941]
   [0.23696319 0.99730733 0.1222882 ]]

  [[0.32911952 0.99672253 0.09681474]
   [0.32869414 0.99658013 0.10901756]]

  [[0.27456298 0.99780399 0.1234864 ]
   [0.25447025 0.99790122 0.12345493]]

  [[0.20628716 0.99983258 0.08695167]
   [0.20812041 0.99981249 0.09803393]]

  [[0.27995051 0.99984267 0.14197418]
   [0.26513843 0.99993212 0.15287147]]

  [[0.20359664 0.99954776 0.12888466]
   [0.20395065 0.99917849 0.14974204]]

  [[0.26650125 0.99952678 0.14472626]
   [0.27079913 0.99952385 0.16360914]]

  [[0.24365031 0.99998197 0.10347638]
   [0.24322558 0.99998536 0.12031303]]

  [[0.25067223 0.99988843 0.06471361]
   [0.25987939 0.99987344 0.07990706]]

  [[0.11966895 0.99989611 0.13206957]
   [0.09078532 0.99995707 0.11456385]]

  [[0.26105665 0.99999784 0.09788918]
   [0.24563659 0.99999859 0.10567791]]

  [[0.3099469  0.99999548 0.12509984]
   [0.29001531 0.99999806 0.12303284]]

  [[0.25992638 0.99978423 0.13213671]
   [0.2480303  0.9997682  0.12549792]]

  [[0.39998497 0.99909876 0.07268414]
   [0.38051525 0.99911526 0.08159855]]

  [[0.30640318 0.99994228 0.11559137]
   [0.29167148 0.99995195 0.1234903 ]]

  [[0.16850279 0.99620281 0.0648712 ]
   [0.15874587 0.99628312 0.07781178]]

  [[0.35837487 0.99981858 0.08659741]
   [0.36813401 0.99980595 0.10087586]]

  [[0.35761868 0.99992509 0.1070069 ]
   [0.35171732 0.99994041 0.12177612]]

  [[0.34025084 0.9998441  0.12226752]
   [0.31786596 0.99992947 0.15121057]]

  [[0.44164972 0.9912059  0.07552616]
   [0.42231573 0.99076562 0.07969933]]

  [[0.31217403 0.99145285 0.09345484]
   [0.29820659 0.99138606 0.11207231]]

  [[0.33648956 0.99981652 0.08901478]
   [0.35940273 0.99993945 0.10864973]]

  [[0.3135656  0.99216105 0.08636147]
   [0.3144706  0.99205658 0.09423732]]

  [[0.36959832 0.9560354  0.13592832]
   [0.36458943 0.9506058  0.15275367]]

  [[0.27480062 0.99982436 0.12156995]
   [0.27087603 0.99984053 0.12600325]]

  [[0.25098866 0.99996763 0.11105007]
   [0.25307701 0.99998685 0.12585712]]

  [[0.22629569 0.99991722 0.15467037]
   [0.22176769 0.99990954 0.18206438]]

  [[0.29742353 0.99803077 0.09273828]
   [0.30493853 0.99900819 0.1006383 ]]

  [[0.99770857 0.99996695 0.19034265]
   [0.1910792  0.99998252 0.14630584]]

  [[0.52279417 0.99999539 0.2677437 ]
   [0.43228896 0.99999611 0.30113157]]

  [[0.33762989 0.99997821 0.18395934]
   [0.32992227 0.99998754 0.22394405]]

  [[0.18638479 0.99854106 0.12943648]
   [0.19122724 0.99810565 0.1406762 ]]

  [[0.21085033 0.99999753 0.07498495]
   [0.20741446 0.99999788 0.09256588]]

  [[0.23619101 0.99925137 0.14328283]
   [0.23181864 0.99935789 0.17324612]]

  [[0.30225088 0.99965784 0.26644081]
   [0.29649715 0.99973543 0.27860483]]

  [[0.20997294 0.99999873 0.1708673 ]
   [0.19738025 0.99999935 0.18486036]]

  [[0.20715409 0.99999703 0.12598679]
   [0.18650903 0.99999777 0.14582   ]]

  [[0.30530673 0.99996514 0.18128701]
   [0.28341675 0.99997637 0.18091339]]

  [[0.37468955 0.99863944 0.16687033]
   [0.35917525 0.99710428 0.16752805]]]]
####################
->>>->>->>seffect
####################
mean: [[-1.53264465 -0.79678025 -0.01541604 -0.35675433  0.58609851 -0.14811714
   0.89802252 -0.71017855 -0.60306106 -0.03338339 -0.43910382 -0.57713197
  -0.42678402 -0.71388499 -0.91507806  0.3136549  -0.51308561  0.11150881
  -0.15001744 -0.16460753 -1.3504121  -0.23933715  0.01442673  0.26999865
   0.32741678 -0.23709228 -0.02241226 -0.28427968  0.0401109  -0.44853787
  -0.33161896  0.29563038 -0.31077507 -0.35958067  0.54261095 -0.33546163
  -0.36455808 -0.23358226  0.3431086  -1.44044292  0.14517392  1.25407035
  -0.66836591  0.79412508  0.81785815  0.28789439  0.22610438 -0.21181462
  -0.31252824  0.81129883  0.01888652 -0.26094865]
 [ 0.02165527  1.12933111  0.59583511  0.50455941 -0.5000983  -0.56567112
  -0.22462238  0.32263261  0.39918955  1.8126848  -0.90574337  0.94965931
  -1.01452862  1.26315504 -0.11558946 -0.22849499  1.07243914 -0.34003088
   0.09184061  0.24320901  0.63177609 -0.26551128  0.31075301  0.94814202
   0.76351527 -0.01858833  0.67183268  0.59739766  0.92937676  0.22830889
   0.64298399  1.66940042 -0.71395785 -0.55361136  0.80347382 -0.82559464
  -0.98243146  1.0242845   0.53659665 -1.16618395 -0.73588214 -0.36958938
  -0.04442595  0.96116721  0.31106701  1.07383935 -0.00949672  0.55839426
   0.21646853  1.40119223  0.9140008  -1.01923502]
 [-0.63447776 -0.7569823   0.1943835  -0.24338827  0.03999555  0.43652307
   0.32453086 -0.74523299  0.02029154 -0.32369753 -0.16986914 -0.41196054
   0.02028544 -0.58481054  0.14224479  0.01923093 -0.04799662  0.14631522
   0.40090597 -0.17390057  0.7860142  -0.13048061 -0.20587477  0.01700189
   0.06453126 -0.22768858  0.61356669 -0.40930564 -0.3105129   0.30458495
  -0.28775165 -0.05358476 -0.29659131 -0.15371336 -0.23333418  0.08057118
  -0.11883328 -0.34435344 -0.08162227 -0.94295945 -0.21002487  0.03662896
   0.12300185  0.41975222  0.0781936   0.2105262   0.51274656 -0.27771435
  -0.54680768 -0.19151182  0.09905539  0.42273196]]
median: [[-7.18420790e-01 -6.58240838e-02 -2.90930262e-03 -3.69126334e-02
  -1.77601299e-03 -4.64474576e-03  5.22377009e-01 -1.13683824e-02
  -3.94769513e-01  9.58649497e-03 -8.90850995e-04 -1.51204006e-02
  -2.41959831e-01 -6.72544144e-01 -3.11787060e-01  9.99820083e-04
  -3.18505248e-01  4.02093974e-02 -8.66914937e-02 -1.30066727e-02
  -9.57548551e-01  5.17876941e-03  3.95626084e-03  1.49981788e-01
   1.28685200e-01 -1.28741112e-02  2.82876235e-04 -1.26881020e-02
   1.15863495e-02 -7.09198240e-02 -1.01903620e-01  5.96999959e-02
   2.90096600e-03 -4.55882737e-03  4.20745614e-01  5.23596612e-03
   1.82177319e-03 -1.56220531e-01  3.27474913e-05 -1.28227330e+00
   4.79783758e-02  6.79571119e-02 -4.58159016e-01 -1.54657689e-03
   5.52557067e-01 -3.62882957e-03 -4.02002422e-03 -1.81091145e-01
  -1.12245342e-01  1.28441976e-01  1.16776197e-03 -1.03597566e-03]
 [-8.30490231e-02  1.48422166e-01 -4.70096104e-02 -1.97443959e-02
  -8.48569280e-02 -8.76757112e-02 -3.08058120e-01  6.96120150e-02
   1.06518569e-01  1.02683000e+00  5.66687213e-03  3.67006615e-01
  -5.32479100e-01  1.65066966e+00 -1.92165760e-02 -1.29902110e-02
   6.94438901e-02  2.06182068e-02 -1.90739119e-03  5.97035722e-02
   4.17021700e-02  1.45867038e-01  2.10813853e-02  6.42964219e-01
   1.30948948e-01 -1.81043461e-01  8.20633399e-01  5.87746154e-03
   5.39391309e-01 -4.66090040e-02  6.72236576e-01  1.73006380e+00
  -5.55984547e-01 -4.73685108e-01  3.62049822e-01 -2.96138493e-01
  -4.06592067e-01  8.53748901e-01 -2.59329977e-01 -1.15620066e-01
  -6.73498966e-03 -1.36620488e-01 -8.80378616e-02  4.81309146e-02
  -2.55223523e-03  3.45519952e-01 -1.87005160e-02 -2.23458118e-01
  -1.53393700e-02  3.74164082e-01 -2.64561348e-02 -1.00349581e+00]
 [-4.00169786e-01 -1.54692624e-01  6.39612347e-03 -2.73599414e-02
   2.91215924e-03  1.59150920e-01  1.45937560e-01 -6.36140549e-01
  -2.15770365e-02 -6.02017160e-02 -3.57518831e-03 -1.22824953e-01
   2.57211930e-03 -1.99582940e-01  5.52439414e-03 -8.07295443e-03
  -2.58126465e-03  7.50248740e-02  3.27227879e-01 -3.49299364e-02
   4.98529036e-01  3.24397444e-03 -2.16912428e-01 -1.38799811e-03
  -1.98029826e-02 -2.55692094e-02  3.30276015e-01 -6.24510487e-02
  -8.82483185e-02 -8.59786009e-04 -1.27596115e-01  1.90140242e-02
  -4.12646860e-02 -3.15190546e-02 -1.14729890e-01  7.13818420e-03
  -2.93147959e-02 -2.44730041e-01  2.89492907e-03 -7.45886896e-01
   2.57486366e-03  1.34844741e-02  6.33489756e-03  3.58080826e-01
  -3.78425132e-02  4.43758450e-03  3.36299151e-01 -7.45390395e-02
   2.85885171e-03 -7.60370281e-02  8.71198819e-02  1.90962757e-01]]
std: [[1.88999751 1.1284627  0.41156271 0.56599018 1.13579968 0.79326906
  1.03565413 1.24803617 0.65368459 0.92986904 0.9639486  1.14401839
  0.47932576 0.71890689 1.19408257 0.60375359 0.56353008 0.14120728
  0.17212879 0.44889726 1.44169453 1.15823819 0.37976088 0.28988432
  0.43415559 0.41115407 0.09711996 0.46287534 0.08985856 0.62353135
  0.44098968 0.41349129 0.96153823 0.69574604 0.55639261 0.76024093
  1.04242454 0.24628198 1.20519017 1.55670644 0.19387183 2.02790292
  0.69666667 1.74723626 0.8947482  1.04557369 0.63490072 0.22118709
  0.37950296 1.17862938 1.0762121  0.52965627]
 [0.72943196 2.62482302 1.43592255 1.34043928 0.67279185 1.6506591
  0.99477747 0.55111469 0.78860731 2.26326625 1.76784699 2.70264536
  1.31205539 0.95010702 0.77927157 0.64215198 1.92038206 1.07056525
  0.85987658 0.43636385 1.44342163 1.72389994 0.9093891  1.48964532
  1.13993586 0.9981482  0.68167524 1.30020673 0.93383926 1.87615682
  0.49615472 1.36284603 0.63103636 0.52370376 1.52475055 1.39096684
  1.41171077 1.64817239 1.90924351 2.34101091 2.00789234 0.69997521
  1.46368929 1.92405931 0.71693325 2.34898053 1.2494934  2.11188543
  1.78924265 2.66852448 2.84494832 0.80418497]
 [0.73615746 1.04050047 0.62583355 0.45515164 0.21016057 0.56790244
  0.40718288 0.67766605 0.32241362 0.64306816 0.65709661 0.65044796
  0.18728634 0.78220884 0.4969126  0.23158521 1.00974859 0.17238141
  0.43224729 0.25937088 0.89820305 0.56577181 0.26804538 0.69789014
  0.24125259 0.49866206 0.65531361 0.61396136 0.44626821 1.13216854
  0.34544943 0.21549968 0.52090801 0.68213775 0.28145454 0.20020465
  0.52104978 0.41709843 0.42716862 0.99371435 0.79034536 0.1335515
  0.24876411 0.43734686 0.73403706 0.55279167 0.53718692 0.33791804
  0.99628211 0.37791549 0.0919689  0.52683163]]
95 confidence interval:[[[-4.69932672 -3.12583304 -0.70438956 -1.40028901 -0.31224389
   -1.47429064 -0.0495384  -2.97497885 -1.64517151 -1.86991088
   -2.18434863 -2.7248019  -1.19237571 -1.65492194 -3.12563731
   -0.15347451 -1.43315302 -0.02177691 -0.4718379  -0.92350935
   -3.48305194 -2.0893439  -0.62353309 -0.01799925 -0.03289443
   -1.03715864 -0.28001594 -1.19079286 -0.09870485 -1.58028379
   -1.15083402 -0.05763244 -1.96258271 -1.67863559 -0.0363129
   -1.71104914 -2.13021159 -0.65448351 -1.06900614 -3.89386599
   -0.06726631 -0.04450442 -1.70560257 -0.7178965  -0.04964093
   -0.90533538 -0.44106799 -0.5139378  -1.00121581 -0.03329376
   -1.68565765 -1.36336584]
  [-0.73251631 -2.47276716 -0.47808863 -0.79506325 -2.15176586
   -3.58543275 -1.65123459 -0.20514526 -0.7973036  -0.18708311
   -4.19160284 -3.82739856 -3.307534   -0.04272451 -2.50724814
   -1.45610297 -1.18223066 -2.80820106 -1.14962125 -0.46390494
   -0.80032724 -4.96051761 -0.90133195 -1.01688778 -0.32784732
   -1.58025887 -0.55947727 -0.52566986 -0.03870197 -2.72043829
   -0.02853752 -0.03741638 -1.96474498 -1.71134662 -1.06138203
   -3.42498309 -3.65859132 -1.19750667 -1.18041571 -4.93673141
   -4.78271077 -2.15884273 -1.90330475 -0.93359995 -0.40270319
   -1.89003312 -1.82919983 -1.19866823 -2.21163686 -1.45461161
   -2.1701711  -2.66497843]
  [-1.89098419 -2.8818502  -0.57278243 -1.07583627 -0.32006268
   -0.06811996 -0.06211134 -1.72744963 -0.47666815 -1.51948102
   -1.34306014 -2.34011397 -0.27576232 -2.01491888 -0.57673371
   -0.3754771  -1.66320992 -0.03470242 -0.11165647 -0.63044619
   -0.11159965 -1.14857504 -0.56275417 -1.04110689 -0.27033397
   -1.14449339 -0.05181299 -1.52241575 -1.16548621 -1.0187575
   -0.99488315 -0.45229478 -1.373328   -1.39063639 -0.8185184
   -0.21207229 -1.21941348 -1.061608   -0.83450838 -2.83044646
   -1.56806986 -0.22946144 -0.14273885 -0.04150709 -0.91090479
   -0.38449954 -0.056405   -0.86430435 -2.34320238 -0.91319687
   -0.04436135 -0.10986615]]

 [[ 0.05127326  0.18447369  0.5911011   0.03869099  2.60096395
    0.91653451  2.57063789  0.11019274  0.05147839  1.57535744
    0.42963652  0.77275548  0.0277523   0.04015119  0.02691089
    1.39899846  0.04188266  0.3814938   0.04602475  0.3994766
    0.0308956   1.24904318  0.74722498  0.74206023  1.08881249
    0.10413571  0.1167372   0.02612547  0.24303997  0.02865741
    0.04303716  1.01922174  0.81699113  0.24249835  1.32004463
    0.29065542  0.71549905  0.03605022  2.34736696  0.07666555
    0.46643849  4.85271258  0.04361808  3.83607974  2.28823817
    2.04416538  1.34638418  0.04420919  0.04748477  2.87825046
    1.60499584  0.12789014]
  [ 2.26303657  8.64153492  4.04791723  3.50743466  0.21728608
    1.67353448  2.00311122  1.85259219  2.35680736  6.54416243
    0.45623623  7.51495556  0.25103537  2.49133715  1.11424492
    1.15329559  5.02567566  0.9799609   1.50515097  0.99697867
    4.0325388   1.51699556  2.50001409  3.94062956  3.47442436
    2.13322114  1.64663487  3.27677683  2.82385269  3.38383233
    1.75861098  3.93009245  0.07821774  0.03728613  4.59194381
    0.99516148  0.52940557  3.23741613  4.38164153  3.03848269
    1.35844349  0.71442852  2.64612656  5.0561158   1.80633258
    5.66368756  2.46976248  4.59034189  4.24622338  6.59853027
    6.16165973  0.03291973]
  [ 0.12314805  0.51865204  1.3003212   0.25435944  0.42467001
    1.49419508  1.12673585  0.01049506  0.63815286  0.469313
    0.63056511  0.2344084   0.34667355  0.03728043  1.04342706
    0.51875152  1.4229427   0.57918908  1.02116723  0.16816508
    2.21512012  0.58541461  0.20477559  1.08751279  0.52952693
    0.28720397  1.69247962  0.13783947  0.05799478  2.26260096
    0.12725231  0.24912195  0.16997925  0.74525988  0.03691867
    0.52723377  0.58757575  0.16566923  0.52091493  0.20383933
    0.78687806  0.35002321  0.63552472  1.20109032  1.27092234
    1.27144122  1.31426144  0.05698574  0.13763506  0.34256747
    0.32142346  1.37828482]]]
####################
->>>->>->>sieffect
####################
mean: [[[-0.19823545 -0.19066666]
  [-0.5220242  -0.58690764]
  [-1.24416658 -1.31744033]
  [-1.38662989 -1.38820387]
  [-1.92723797 -1.96334184]
  [-1.05521045 -1.18207756]
  [-2.1630684  -2.22732933]
  [-1.23078362 -1.27560917]
  [-0.96366875 -1.04298286]
  [-0.74697906 -1.22622553]
  [-0.91193096 -0.91592333]
  [-0.50022444 -0.49889545]
  [-0.6587213  -0.73089384]
  [-1.03938969 -1.00802206]
  [-0.44932995 -0.43626105]
  [-1.49163922 -1.58802951]
  [-0.98475919 -0.9738507 ]
  [-1.53137925 -1.57467501]
  [-1.40272142 -1.40411833]
  [-1.06250821 -1.04497058]
  [-0.05157368 -0.05760391]
  [-1.11638042 -1.07354874]
  [-2.36821613 -2.57306512]
  [-1.6992901  -1.76169895]
  [-1.39089348 -1.46017739]
  [-1.01306841 -1.05598869]
  [-0.9282727  -0.97759834]
  [-1.32206583 -1.34572645]
  [-1.98210867 -2.03466384]
  [-0.34377687 -0.31249407]
  [-0.74431495 -0.75707802]
  [-1.2392745  -1.32916749]
  [-0.25079186 -0.32121537]
  [-0.67823352 -0.75594165]
  [-1.63077817 -1.55954436]
  [-0.71632979 -0.71578141]
  [-0.80013317 -0.82293979]
  [-1.43614178 -1.41514608]
  [-1.63970955 -1.63316314]
  [-0.35299624 -0.38327998]
  [-1.27071117 -1.24130576]
  [-1.35613527 -2.90479908]
  [-0.2009088  -0.39461158]
  [-1.58982065 -1.62109764]
  [-2.46641078 -2.43155855]
  [-1.85416384 -1.85698087]
  [-1.66635161 -1.68660179]
  [-1.13109031 -1.13534585]
  [-1.37179241 -1.43023447]
  [-2.49607032 -2.58216232]
  [-1.21700525 -1.28183678]
  [-0.54131295 -0.60853544]]

 [[ 0.22103344  0.07902291]
  [ 1.12195225  1.13637974]
  [ 1.11694579  1.14219851]
  [ 1.47901764  1.46415085]
  [ 0.98404139  0.92734742]
  [ 1.79399612  1.90976922]
  [ 2.98525202  3.29888088]
  [ 0.45759337  0.6116702 ]
  [ 1.83629397  1.87093996]
  [ 1.63167608  1.66262019]
  [ 1.03080158  0.96702386]
  [ 0.90133409  0.98458   ]
  [ 0.98949261  0.882741  ]
  [-0.32552385 -0.33732604]
  [-0.2638593  -0.28089494]
  [ 1.90243806  1.87049342]
  [ 2.02528405  1.95482859]
  [ 1.97902902  2.15043693]
  [ 1.70961284  1.51933623]
  [ 1.29078581  1.28516858]
  [ 1.90663544  1.89118242]
  [ 2.58592582  2.70543214]
  [ 1.4421715   1.76250482]
  [ 1.84932693  1.85741699]
  [ 1.88297906  2.05653623]
  [ 3.22240406  3.18491828]
  [ 1.34192749  1.32266464]
  [ 0.73270879  0.85519725]
  [-0.19162967 -0.14141413]
  [ 2.48612579  2.57851443]
  [ 0.7105878   0.79024569]
  [ 1.68089048  1.71923413]
  [ 0.99102675  0.9808418 ]
  [ 1.05400886  0.94477779]
  [ 0.75707588  0.75898963]
  [ 1.37193953  1.31926718]
  [-0.03696753 -0.12615496]
  [ 0.28327803  0.37593265]
  [ 1.90525481  1.93798658]
  [ 1.12038962  1.07853364]
  [ 1.78302366  1.93622081]
  [ 3.21181123  3.37051287]
  [ 0.94198661  1.11120922]
  [ 3.05962276  3.08111413]
  [ 1.67504447  1.57376269]
  [ 2.23768879  2.26750402]
  [ 1.0917855   1.06144719]
  [-0.1055301   0.01084542]
  [ 2.40213149  2.4592092 ]
  [ 0.57911589  0.77744465]
  [ 0.8486479   0.98360735]
  [ 1.70480164  1.65202032]]

 [[-1.01472129 -0.86937818]
  [-1.90609509 -1.84290785]
  [-2.00793519 -1.9227848 ]
  [-2.36612667 -2.23572359]
  [-1.96765234 -1.81363121]
  [-3.58906392 -3.39835367]
  [-1.99530422 -1.97962885]
  [-1.7346464  -1.72202109]
  [-2.290972   -2.17114403]
  [-1.41775373 -1.36747596]
  [-1.65348892 -1.55451618]
  [-0.98697844 -0.87966972]
  [-2.11995581 -1.99758615]
  [-1.22081279 -1.28710434]
  [-2.31603292 -2.17456102]
  [-1.54466841 -1.5437936 ]
  [-1.83805274 -1.69525353]
  [-1.76967272 -1.64940207]
  [-1.88152721 -1.70359178]
  [-1.20493622 -1.03734655]
  [-2.60947137 -2.40047209]
  [-2.17557871 -1.94769788]
  [-1.40034014 -1.49056679]
  [-1.96495824 -1.86339172]
  [-1.62869503 -1.61847396]
  [-1.22946788 -1.31003714]
  [-3.0000943  -2.85215843]
  [-1.72842284 -1.61374656]
  [-2.06717491 -1.8530629 ]
  [-2.23210191 -2.06615531]
  [-1.6402081  -1.47613615]
  [-1.56008289 -1.29561747]
  [-1.8311995  -1.78037339]
  [-1.70829365 -1.51993466]
  [-1.84428553 -1.61948284]
  [-2.04496526 -1.95585977]
  [-1.62556767 -1.50172045]
  [-1.65043859 -1.57260786]
  [-1.56307716 -1.44196307]
  [-0.66624734 -0.48668608]
  [-1.69261722 -1.59966541]
  [-1.47935255 -1.47116629]
  [-1.26974883 -1.04048584]
  [-1.4763851  -1.15784362]
  [-1.53306863 -1.43541736]
  [-2.35074518 -2.09727738]
  [-1.95664193 -1.70379916]
  [-0.62119789 -0.52672019]
  [-0.77463794 -0.65259866]
  [-1.49324742 -1.24519534]
  [-1.44074379 -1.28065543]
  [-1.65237911 -1.66616956]]]
median: [[[-0.62556059 -0.62631223]
  [-0.35900464 -0.46871126]
  [-0.74668495 -0.82092178]
  [-1.75034393 -1.7574729 ]
  [-1.30561349 -1.31896124]
  [-1.07485923 -1.25267524]
  [-1.67555496 -1.72485814]
  [-1.22783443 -1.23051918]
  [-0.98392873 -1.05058713]
  [-0.49250665 -0.68099757]
  [-0.66937854 -0.69351598]
  [-0.1856068  -0.19825829]
  [-0.4849529  -0.54310164]
  [-0.94002272 -0.87672297]
  [-0.38959994 -0.38832263]
  [-0.95862854 -1.03085178]
  [-1.0504908  -1.04134566]
  [-1.48105873 -1.51991025]
  [-1.12445717 -1.12365167]
  [-1.21010724 -1.189866  ]
  [-0.0849683  -0.09225446]
  [-0.65981124 -0.5966948 ]
  [-2.13097389 -2.28316477]
  [-1.58552716 -1.61285217]
  [-1.2303631  -1.28577099]
  [-1.31164663 -1.3445052 ]
  [-1.00588344 -1.03828082]
  [-1.19121454 -1.19600644]
  [-1.89781899 -1.93032364]
  [-0.67595884 -0.62351279]
  [-0.87934932 -0.89528408]
  [-0.96117212 -1.04295977]
  [-0.08785055 -0.15228506]
  [-0.7742709  -0.87588628]
  [-1.42413254 -1.39496453]
  [-0.1824448  -0.16715108]
  [-0.44435501 -0.53409731]
  [-1.63354387 -1.54996073]
  [-0.63096172 -0.63932748]
  [-0.1805337  -0.20680321]
  [-1.34772736 -1.31144384]
  [-1.00855322 -1.65350886]
  [-0.01123066 -0.35555434]
  [-0.26368422 -0.30252884]
  [-2.52759714 -2.48995923]
  [-1.79522245 -1.72961669]
  [-1.22573119 -1.24534438]
  [-1.11649704 -1.10963947]
  [-0.98661533 -1.05554676]
  [-1.81309301 -1.87039658]
  [-0.31864207 -0.3763675 ]
  [-0.03802281 -0.10335724]]

 [[ 0.12312527 -0.04084657]
  [ 0.96764472  0.99103892]
  [ 0.90204262  1.30773069]
  [ 1.47674761  1.54225646]
  [ 0.73276454  0.70905077]
  [ 1.68695751  1.7795189 ]
  [ 2.31345142  2.38581172]
  [ 0.37630895  0.48974592]
  [ 1.86153415  2.46526117]
  [ 1.57579438  1.60476923]
  [ 1.03701537  0.9075393 ]
  [ 1.05306366  1.21545414]
  [ 1.09220495  1.06304329]
  [-0.74598273 -0.76249521]
  [-0.650331   -0.64738056]
  [ 1.45546644  1.48173385]
  [ 1.72660999  1.68083736]
  [ 1.5036115   1.60761585]
  [ 1.83555021  1.76002178]
  [ 1.40048533  1.43499839]
  [ 2.27222133  2.22193775]
  [ 2.96363234  3.10822708]
  [ 1.22275065  1.59403365]
  [ 1.85990863  1.43295488]
  [ 1.73507127  2.01817979]
  [ 3.06024271  2.94169041]
  [ 1.31360274  1.50277073]
  [ 1.36320599  1.43868173]
  [-0.10587104 -0.01339937]
  [ 2.54772511  2.49178536]
  [-0.15261661 -0.07916506]
  [ 1.10519419  1.2374837 ]
  [ 1.04791051  1.05998182]
  [ 1.36133453  1.36127111]
  [ 0.335271    0.37168272]
  [ 0.99938057  0.90052446]
  [ 0.28810756  0.09394456]
  [ 0.60704824  0.63314153]
  [ 2.22759283  2.48867748]
  [ 0.9392201   0.74283366]
  [ 1.77663263  1.71937637]
  [ 2.82157628  2.72404285]
  [ 0.67494099  0.8805865 ]
  [ 2.76459076  2.92926665]
  [ 0.64165399  0.65820214]
  [ 2.269364    2.30637964]
  [ 1.44218293  1.4382031 ]
  [-0.1068098  -0.00634175]
  [ 2.4489964   2.47532371]
  [ 0.71891582  0.77701273]
  [ 0.86698408  1.0556492 ]
  [ 1.88609304  1.83694627]]

 [[-0.73447825 -0.61838891]
  [-2.0655179  -2.02359876]
  [-1.82191694 -1.76705985]
  [-2.71868602 -2.58166199]
  [-2.07266257 -1.91585641]
  [-3.50358149 -3.35034295]
  [-2.01949444 -2.00263257]
  [-1.60363154 -1.59159287]
  [-2.41065603 -2.27756486]
  [-1.5352984  -1.49102817]
  [-1.66492516 -1.56077112]
  [-0.99549965 -0.88459824]
  [-2.13118901 -2.02621693]
  [-1.31385844 -1.3642188 ]
  [-2.43991774 -2.26611493]
  [-1.66651925 -1.67032604]
  [-1.77706817 -1.66629275]
  [-1.62917174 -1.52401633]
  [-2.01820525 -1.82670671]
  [-1.26457364 -1.08950391]
  [-2.69357089 -2.45768733]
  [-2.18271538 -1.93364658]
  [-1.27441772 -1.39876768]
  [-1.88895665 -1.79560722]
  [-1.78945958 -1.79061169]
  [-1.31870647 -1.41051622]
  [-2.61585138 -2.48189225]
  [-1.79926768 -1.71722144]
  [-2.05329333 -1.83296197]
  [-1.95187957 -1.80112031]
  [-1.77121422 -1.59548245]
  [-1.61853228 -1.36058546]
  [-1.98572105 -1.92239565]
  [-1.60517961 -1.44378608]
  [-2.04030282 -1.79399183]
  [-1.92174952 -1.83121496]
  [-1.45897944 -1.37021156]
  [-1.52390467 -1.51523894]
  [-1.46160298 -1.3594733 ]
  [-0.70844985 -0.4946496 ]
  [-1.72064716 -1.65487213]
  [-1.74574695 -1.62986336]
  [-1.51422223 -1.28482489]
  [-1.42060447 -1.07994491]
  [-1.4669497  -1.38281282]
  [-2.31211912 -2.03618119]
  [-1.88901327 -1.61493404]
  [-0.72522431 -0.61401568]
  [-0.94510697 -0.84487554]
  [-1.49697857 -1.25721702]
  [-1.54773556 -1.34539431]
  [-1.54812354 -1.56917792]]]
std: [[[1.12897666 1.11748992]
  [0.52736437 0.51358515]
  [1.24715997 1.24599333]
  [0.61727052 0.6125598 ]
  [1.98859068 1.99951481]
  [0.77728462 0.78820077]
  [1.95352307 1.96489113]
  [0.65214468 0.65095629]
  [0.39324661 0.39211575]
  [1.09674696 1.21490833]
  [0.58319501 0.57939422]
  [0.64938966 0.65191754]
  [0.80452356 0.84064612]
  [0.71993049 0.68780265]
  [0.69243021 0.66019691]
  [1.50706415 1.51519746]
  [0.50742501 0.50595765]
  [0.90993845 0.92382369]
  [0.94082346 0.94823763]
  [0.78346341 0.77601656]
  [0.48030582 0.47905674]
  [0.95044632 0.94699859]
  [1.18352123 1.22007622]
  [1.24641774 1.24987142]
  [1.39034999 1.40204089]
  [0.73201332 0.73339277]
  [0.76672059 0.7607987 ]
  [1.02653932 0.99048655]
  [0.90286131 0.91790678]
  [0.53481216 0.52667999]
  [0.38268728 0.38702639]
  [1.30200528 1.30928721]
  [0.83726038 0.83363403]
  [0.56516396 0.57729408]
  [1.33841695 1.30626931]
  [1.28048889 1.28693251]
  [1.12777919 1.08699131]
  [0.75850675 0.72768443]
  [2.00314208 1.99950317]
  [0.7606325  0.70365509]
  [1.14618098 1.13370863]
  [0.82976636 2.93245987]
  [0.50836339 0.45565541]
  [2.63788941 2.63584669]
  [1.81348717 1.8098935 ]
  [1.37358618 1.36224947]
  [1.48823308 1.49580716]
  [0.68342004 0.68955936]
  [0.75369435 0.76412943]
  [2.051203   2.07537983]
  [1.6369587  1.6566061 ]
  [1.03421472 1.03658785]]

 [[2.3544231  2.3592756 ]
  [1.88938794 1.820705  ]
  [2.04134451 1.92520993]
  [1.67218377 1.6160325 ]
  [1.42869118 1.3885407 ]
  [1.45009644 1.37560305]
  [1.92963733 2.34082673]
  [0.72713407 0.66585501]
  [2.36054753 2.26412705]
  [0.42697263 0.38732829]
  [0.97306016 0.89486997]
  [0.82202164 0.79323613]
  [1.5367018  1.5330989 ]
  [1.18113452 1.20192439]
  [1.45288392 1.38281432]
  [1.29253503 1.1702649 ]
  [2.00257729 1.99427695]
  [2.07219411 2.2211878 ]
  [1.87352142 1.86571997]
  [1.51712857 1.51495948]
  [2.11597345 2.08338161]
  [1.76115088 1.85482477]
  [2.1632066  2.03291403]
  [2.38191561 2.3676351 ]
  [2.24928099 2.32260002]
  [2.16029078 2.05076824]
  [1.49505084 1.39029577]
  [1.62968559 1.6243991 ]
  [1.58026426 1.60446365]
  [1.73219042 1.83445174]
  [1.7392454  1.78499025]
  [1.4282902  1.23747942]
  [1.42868615 1.42435519]
  [0.94071702 1.1366823 ]
  [1.10838475 0.94997396]
  [1.42813991 1.40121582]
  [1.96025745 1.88095744]
  [1.00686005 0.97750515]
  [1.99542928 1.90020599]
  [1.58532565 1.50657433]
  [1.73405087 2.0209293 ]
  [2.1900419  2.5057291 ]
  [2.67735943 2.70242288]
  [1.29914168 1.02371778]
  [2.55417506 2.52494198]
  [1.20241764 1.19254414]
  [1.79860034 1.77649081]
  [0.82854597 0.76999923]
  [1.66343734 1.70448472]
  [1.2900934  1.25530855]
  [0.70676968 0.62531673]
  [1.17683858 1.11713709]]

 [[0.97721821 0.96496927]
  [0.91759594 0.91760352]
  [0.88611863 0.89041913]
  [0.62086243 0.6140045 ]
  [0.52947016 0.51580609]
  [0.85708307 0.82927329]
  [0.6604262  0.65589202]
  [0.52815297 0.54290256]
  [0.5243352  0.51294702]
  [0.7946568  0.75334462]
  [0.59655496 0.59680514]
  [0.49885934 0.50500373]
  [0.38369161 0.3713439 ]
  [0.34484153 0.35590642]
  [0.71224673 0.694551  ]
  [0.41516427 0.41315923]
  [0.86877996 0.86625986]
  [0.7450497  0.71358275]
  [0.65602374 0.63985343]
  [0.40141214 0.39481484]
  [1.1294735  1.11583088]
  [0.61361324 0.60639962]
  [0.5189406  0.41425583]
  [0.80478099 0.8048585 ]
  [0.45734208 0.43663694]
  [0.34281985 0.37936439]
  [1.27780126 1.24358934]
  [0.47974762 0.43523007]
  [0.53960943 0.52350768]
  [1.03875199 1.03355482]
  [0.36797908 0.36147765]
  [0.41293318 0.40348322]
  [0.69071327 0.68975886]
  [0.85556869 0.84510089]
  [0.41002685 0.41648191]
  [0.61410927 0.60740991]
  [0.75278765 0.71633461]
  [0.64751803 0.59875689]
  [0.4677885  0.46941125]
  [0.74091674 0.76546722]
  [0.92046785 0.91753088]
  [0.61160306 0.43230289]
  [0.93062897 0.88082534]
  [0.69440922 0.67570477]
  [0.65871331 0.65984757]
  [0.78945669 0.78358194]
  [0.88842294 0.87614468]
  [0.45294759 0.44213824]
  [0.78820976 0.7942995 ]
  [0.68786285 0.6506049 ]
  [0.55850661 0.48490977]
  [0.81981314 0.82216427]]]
95 confidence interval:[[[[-1.66649516e+00 -1.62436895e+00]
   [-1.69574526e+00 -1.77295148e+00]
   [-3.27858954e+00 -3.35779918e+00]
   [-2.28749960e+00 -2.26373453e+00]
   [-5.36820643e+00 -5.43103745e+00]
   [-2.32573624e+00 -2.45112246e+00]
   [-5.19402948e+00 -5.26847357e+00]
   [-2.25253795e+00 -2.34082329e+00]
   [-1.49668529e+00 -1.55573862e+00]
   [-2.38352688e+00 -4.41963205e+00]
   [-1.97696558e+00 -1.97415472e+00]
   [-2.13221057e+00 -2.13532893e+00]
   [-1.86925266e+00 -2.03067125e+00]
   [-2.30701960e+00 -2.19696585e+00]
   [-1.68271595e+00 -1.58613384e+00]
   [-4.00261554e+00 -4.10837130e+00]
   [-1.67190858e+00 -1.66549699e+00]
   [-2.96160441e+00 -3.04084845e+00]
   [-2.96831754e+00 -2.96001114e+00]
   [-1.97478123e+00 -1.95052088e+00]
   [-7.12464070e-01 -7.06728035e-01]
   [-2.84264501e+00 -2.79898966e+00]
   [-4.51480350e+00 -4.85816536e+00]
   [-3.41154092e+00 -3.49416415e+00]
   [-3.52662032e+00 -3.62645369e+00]
   [-1.77792432e+00 -1.82915735e+00]
   [-1.89682773e+00 -1.98063798e+00]
   [-2.49254552e+00 -2.49742029e+00]
   [-3.33479811e+00 -3.41042677e+00]
   [-9.02908911e-01 -8.62650782e-01]
   [-1.19079843e+00 -1.22239520e+00]
   [-3.37952311e+00 -3.48982704e+00]
   [-2.07784277e+00 -2.11374234e+00]
   [-1.51950707e+00 -1.58693913e+00]
   [-3.63246494e+00 -3.54071804e+00]
   [-2.89819841e+00 -2.90778317e+00]
   [-2.95377732e+00 -2.87178312e+00]
   [-2.33982637e+00 -2.21403401e+00]
   [-5.10002999e+00 -5.08949270e+00]
   [-1.82293157e+00 -1.75874675e+00]
   [-3.10639745e+00 -3.06573682e+00]
   [-2.57322253e+00 -7.91642035e+00]
   [-1.15829468e+00 -1.26417138e+00]
   [-6.12848859e+00 -6.18283924e+00]
   [-4.57806500e+00 -4.52100455e+00]
   [-4.09431923e+00 -4.06308307e+00]
   [-4.14630126e+00 -4.19442995e+00]
   [-2.10498516e+00 -2.14294508e+00]
   [-2.64012260e+00 -2.73641303e+00]
   [-5.82095918e+00 -5.96198808e+00]
   [-4.02475746e+00 -4.14803403e+00]
   [-2.39467263e+00 -2.46307938e+00]]

  [[-3.40075234e+00 -3.36901026e+00]
   [-1.92344989e+00 -1.68062542e+00]
   [-2.00387211e+00 -1.93950821e+00]
   [-1.64885439e+00 -1.74128038e+00]
   [-1.11114976e+00 -1.21393097e+00]
   [-4.00837799e-01 -2.28678225e-01]
   [ 5.93157001e-01  6.72682350e-01]
   [-6.93208056e-01 -3.84621032e-01]
   [-2.09463457e+00 -2.00501852e+00]
   [ 9.12941115e-01  1.03409688e+00]
   [-3.12709100e-01 -3.08693052e-01]
   [-1.05051085e+00 -9.79606681e-01]
   [-9.83492551e-01 -9.86729294e-01]
   [-1.80726183e+00 -1.98985289e+00]
   [-3.03706890e+00 -2.99703802e+00]
   [ 2.26780882e-01  2.85410970e-01]
   [-8.34681915e-01 -9.99624629e-01]
   [-7.55587009e-01 -6.54466053e-01]
   [-2.35887712e+00 -2.74430085e+00]
   [-1.47524517e+00 -1.60086944e+00]
   [-2.35053466e+00 -2.37504063e+00]
   [-1.66446478e-01 -2.46751911e-01]
   [-1.24950702e+00 -1.17049415e+00]
   [-1.50832889e+00 -1.47661960e+00]
   [-9.62076694e-01 -7.60089282e-01]
   [-1.67074284e-01  7.86732424e-02]
   [-1.10353525e+00 -1.00586871e+00]
   [-2.19645469e+00 -1.98211515e+00]
   [-2.69100774e+00 -2.73006945e+00]
   [-1.99070277e-01 -2.70784538e-01]
   [-1.34694963e+00 -1.30924231e+00]
   [ 3.09540725e-03  1.21698215e-01]
   [-1.30835226e+00 -1.37578471e+00]
   [-7.62868066e-01 -1.61548554e+00]
   [-6.59904337e-01 -3.95516981e-01]
   [-3.03225174e-01 -2.66239925e-01]
   [-3.40934095e+00 -3.32891285e+00]
   [-1.47449635e+00 -1.31489881e+00]
   [-1.23401609e+00 -1.23190347e+00]
   [-1.46378563e+00 -1.23884407e+00]
   [-1.25843239e+00 -1.20914557e+00]
   [-6.54429931e-01 -6.42965870e-01]
   [-2.91957545e+00 -2.80775594e+00]
   [ 1.30297407e+00  1.49631993e+00]
   [-1.62556574e+00 -1.53410971e+00]
   [-9.88821246e-03  4.25659618e-02]
   [-2.18649819e+00 -2.28618733e+00]
   [-1.04237883e+00 -9.98227142e-01]
   [-6.03295044e-01 -4.95256292e-01]
   [-1.38731676e+00 -1.07983899e+00]
   [-1.17120525e-01 -4.98704531e-02]
   [-9.48362681e-01 -8.97264694e-01]]

  [[-2.89614545e+00 -2.72340380e+00]
   [-3.06141679e+00 -2.99867090e+00]
   [-3.39564552e+00 -3.32095714e+00]
   [-3.32398743e+00 -3.16703130e+00]
   [-2.81341389e+00 -2.62135349e+00]
   [-5.32262443e+00 -5.00560354e+00]
   [-3.13584876e+00 -3.09142861e+00]
   [-2.59252823e+00 -2.62471191e+00]
   [-2.92848323e+00 -2.79605118e+00]
   [-2.64146852e+00 -2.52434880e+00]
   [-2.61188605e+00 -2.51579902e+00]
   [-1.65154921e+00 -1.54957129e+00]
   [-2.72143599e+00 -2.58249186e+00]
   [-1.67811949e+00 -1.77321476e+00]
   [-3.21909343e+00 -3.06773824e+00]
   [-2.22516588e+00 -2.20381607e+00]
   [-3.20885702e+00 -3.06137124e+00]
   [-3.00109191e+00 -2.81344408e+00]
   [-2.62486081e+00 -2.43687407e+00]
   [-1.75735269e+00 -1.58447909e+00]
   [-4.33993282e+00 -4.13721890e+00]
   [-3.34788929e+00 -3.11657976e+00]
   [-2.44609312e+00 -2.24974691e+00]
   [-3.13706320e+00 -3.04652941e+00]
   [-2.23390295e+00 -2.15448391e+00]
   [-1.68183788e+00 -1.80548860e+00]
   [-5.17886309e+00 -4.95235681e+00]
   [-2.51294342e+00 -2.27801457e+00]
   [-2.88919646e+00 -2.64010178e+00]
   [-4.11737179e+00 -3.93594881e+00]
   [-2.06920705e+00 -1.91113218e+00]
   [-2.21411405e+00 -1.94402011e+00]
   [-2.77425835e+00 -2.71150437e+00]
   [-3.07160928e+00 -2.86013594e+00]
   [-2.43505971e+00 -2.26053912e+00]
   [-3.13736154e+00 -3.05510051e+00]
   [-2.68666746e+00 -2.50732165e+00]
   [-2.72148638e+00 -2.56767546e+00]
   [-2.28847516e+00 -2.16298261e+00]
   [-1.59946998e+00 -1.48335818e+00]
   [-3.17747621e+00 -3.09199147e+00]
   [-2.15098724e+00 -2.02628882e+00]
   [-2.56305986e+00 -2.25528159e+00]
   [-2.70831959e+00 -2.38544391e+00]
   [-2.56723932e+00 -2.47497273e+00]
   [-3.68485147e+00 -3.44358593e+00]
   [-3.41283401e+00 -3.16383756e+00]
   [-1.29088754e+00 -1.20282057e+00]
   [-1.62438659e+00 -1.49476854e+00]
   [-2.46894560e+00 -2.14592857e+00]
   [-2.39775721e+00 -2.17515335e+00]
   [-2.95619549e+00 -2.96617927e+00]]]


 [[[ 1.68012037e+00  1.68641004e+00]
   [ 4.33133617e-01  3.52507919e-01]
   [ 1.07174825e-01  2.74183070e-02]
   [-3.14611471e-01 -3.29558492e-01]
   [ 6.40718424e-02  1.73696999e-02]
   [ 1.71676830e-01  1.40373137e-02]
   [-1.81738139e-01 -2.42455007e-01]
   [-3.22804756e-01 -4.11028730e-01]
   [-4.23620355e-01 -4.98508735e-01]
   [ 2.17227472e+00 -1.31053139e-01]
   [-2.80832967e-01 -2.86119982e-01]
   [ 9.22666160e-02  8.25073185e-02]
   [ 3.25173749e-01  2.79203359e-01]
   [-7.04443901e-02 -6.44406976e-02]
   [ 5.11253461e-01  5.04958144e-01]
   [-5.11113708e-02 -1.46625758e-01]
   [-1.53563736e-01 -1.42464570e-01]
   [-3.51019678e-01 -4.09150766e-01]
   [-2.38481983e-01 -2.38162284e-01]
   [ 8.85219749e-02  9.54829014e-02]
   [ 6.77310573e-01  6.75696476e-01]
   [-1.74804863e-01 -1.56273085e-01]
   [-9.01029837e-01 -1.17579337e+00]
   [-3.54035755e-01 -4.35248099e-01]
   [ 3.08304803e-01  2.11645073e-01]
   [ 1.44650197e-01  7.79564397e-02]
   [ 2.86897505e-01  2.03716421e-01]
   [-1.34484686e-01 -2.06306083e-01]
   [-9.28411939e-01 -9.94235726e-01]
   [ 5.97023825e-01  6.26359126e-01]
   [-1.02767696e-01 -1.13388291e-01]
   [ 2.45798321e-02 -6.05613457e-02]
   [ 9.07801256e-01  8.24500252e-01]
   [ 2.22934852e-01  1.55539613e-01]
   [-8.55072215e-02 -2.65809060e-02]
   [ 4.53918473e-01  4.56970400e-01]
   [ 3.54791770e-01  3.40938185e-01]
   [-2.31956878e-01 -2.41575298e-01]
   [ 1.06032758e-01  1.10670211e-01]
   [ 8.27733458e-01  7.97173009e-01]
   [ 1.53461677e-01  1.73509417e-01]
   [-2.36598287e-01 -3.97197563e-01]
   [ 7.06403675e-01  4.42295618e-01]
   [ 4.59243188e-01  4.26566319e-01]
   [-2.64214079e-01 -2.34868969e-01]
   [-2.37032009e-01 -2.48595720e-01]
   [-3.88365864e-02 -5.80050549e-02]
   [-1.08470769e-01 -1.08483084e-01]
   [-6.69060422e-01 -7.26179979e-01]
   [-3.87636843e-01 -5.04617848e-01]
   [ 1.24125244e-01  5.19872279e-02]
   [ 5.40320356e-01  4.59865251e-01]]

  [[ 3.88217881e+00  3.55954403e+00]
   [ 5.03897584e+00  4.90235616e+00]
   [ 4.02674850e+00  3.82812589e+00]
   [ 4.65379205e+00  4.48637027e+00]
   [ 4.83898542e+00  4.45750706e+00]
   [ 4.97874370e+00  4.85210729e+00]
   [ 6.23898534e+00  7.87595651e+00]
   [ 1.81144971e+00  1.90406899e+00]
   [ 5.49849054e+00  4.85368827e+00]
   [ 2.49152597e+00  2.49106190e+00]
   [ 2.64693453e+00  2.56166903e+00]
   [ 2.02155673e+00  1.99883747e+00]
   [ 2.99449220e+00  2.96224905e+00]
   [ 2.06780393e+00  2.09214936e+00]
   [ 2.61114727e+00  2.49380685e+00]
   [ 4.73980291e+00  4.40207643e+00]
   [ 6.95551658e+00  6.78641137e+00]
   [ 5.92127677e+00  6.74518641e+00]
   [ 5.21953875e+00  4.62130747e+00]
   [ 4.81381687e+00  4.62074153e+00]
   [ 6.56313481e+00  6.35983529e+00]
   [ 5.44635851e+00  5.51883335e+00]
   [ 5.59052106e+00  5.46254733e+00]
   [ 4.85953687e+00  5.10837970e+00]
   [ 5.14053392e+00  5.62316569e+00]
   [ 6.44648494e+00  6.32146746e+00]
   [ 3.44984767e+00  3.33446061e+00]
   [ 2.77006730e+00  2.86582281e+00]
   [ 2.57104487e+00  2.50588032e+00]
   [ 7.12189009e+00  6.96177080e+00]
   [ 3.83224866e+00  4.05686269e+00]
   [ 4.66296089e+00  4.28311855e+00]
   [ 3.90463417e+00  3.83753880e+00]
   [ 2.32400094e+00  2.31659012e+00]
   [ 3.06920233e+00  2.84413120e+00]
   [ 4.56277646e+00  4.49923576e+00]
   [ 2.82372821e+00  2.69138863e+00]
   [ 1.32351303e+00  1.45111786e+00]
   [ 5.02281575e+00  4.91385627e+00]
   [ 4.20171524e+00  4.08245243e+00]
   [ 5.46629343e+00  6.72728044e+00]
   [ 7.01806601e+00  8.44743440e+00]
   [ 5.51930227e+00  5.68996783e+00]
   [ 5.59850342e+00  4.87705531e+00]
   [ 6.80590556e+00  6.52868963e+00]
   [ 4.48741057e+00  4.42918771e+00]
   [ 4.32902052e+00  4.26657784e+00]
   [ 1.36001174e+00  1.41379948e+00]
   [ 5.31843053e+00  6.05758997e+00]
   [ 2.30831152e+00  2.58198563e+00]
   [ 1.94294785e+00  1.95103608e+00]
   [ 3.67853107e+00  3.52626211e+00]]

  [[ 1.35445735e-01  2.82144263e-01]
   [ 1.90023024e-01  2.13662940e-01]
   [-1.03781827e+00 -9.50503471e-01]
   [-1.35705853e+00 -1.24347340e+00]
   [-1.13248170e+00 -1.01663062e+00]
   [-2.37148927e+00 -2.21779340e+00]
   [-9.23919254e-01 -9.21339623e-01]
   [-8.11748589e-01 -8.09148150e-01]
   [-1.45465978e+00 -1.34520467e+00]
   [-3.14316553e-01 -2.00935448e-01]
   [-7.44154114e-01 -6.30013812e-01]
   [ 4.03714143e-01  4.85303263e-01]
   [-1.57685688e+00 -1.43327735e+00]
   [-6.65139790e-01 -7.12810165e-01]
   [-1.16151787e+00 -1.03557241e+00]
   [-8.62838844e-01 -8.66219592e-01]
   [-6.45356907e-01 -4.94443027e-01]
   [-6.97192365e-01 -6.39835729e-01]
   [-7.32622522e-01 -6.13970068e-01]
   [-3.60797946e-01 -1.76689920e-01]
   [-9.87080712e-01 -8.30137959e-01]
   [-1.40148524e+00 -1.16810201e+00]
   [-7.68284886e-01 -9.44661322e-01]
   [-1.05079716e+00 -9.52877420e-01]
   [-8.22197027e-01 -8.34020917e-01]
   [-7.69469246e-01 -7.92645734e-01]
   [-1.47385718e+00 -1.35619146e+00]
   [-9.54037542e-01 -8.76206632e-01]
   [-1.25325512e+00 -1.05129838e+00]
   [-1.20449905e+00 -1.00097705e+00]
   [-9.44865009e-01 -7.80415957e-01]
   [-8.10215562e-01 -6.07618274e-01]
   [-6.10654965e-01 -5.73733366e-01]
   [-3.66532232e-01 -1.70721348e-01]
   [-1.18844625e+00 -9.20463998e-01]
   [-1.30859250e+00 -1.22145262e+00]
   [-3.51544983e-01 -2.17241751e-01]
   [-8.22678303e-01 -7.75419843e-01]
   [-9.74771311e-01 -8.48361681e-01]
   [ 8.66012287e-01  1.04774014e+00]
   [-2.54140751e-01 -1.60047045e-01]
   [-3.29825113e-01 -6.25839604e-01]
   [ 1.63639093e-01  3.24021005e-01]
   [-4.26860043e-01 -1.94010497e-01]
   [-6.93025111e-01 -5.92977347e-01]
   [-1.39569464e+00 -1.17858930e+00]
   [-6.54535519e-01 -4.61650235e-01]
   [ 6.88775510e-02  1.51019341e-01]
   [ 7.76597063e-01  8.96349418e-01]
   [-6.48360994e-01 -4.22803643e-01]
   [-4.61225276e-01 -5.07323553e-01]
   [-4.70442473e-01 -4.58275891e-01]]]]
####################
->>>->>->>th
####################
mean: [ 0.07881765  1.94921521 -0.54635614]
median: [-0.08377237  1.90637461 -0.46645421]
std: [1.07422506 1.69169294 0.35469771]
95 confidence interval:[[-1.18305644 -0.37091906 -1.10920778]
 [ 1.74189898  4.35502857 -0.11307898]]
####################
->>>->>->>w
####################
mean: [ 1.03632083 -0.96912886 -0.9363808 ]
median: [-0.91492235 -0.96508638 -0.95277596]
std: [3.61529388 0.09112296 0.11397086]
95 confidence interval:[[-0.95461305 -1.18262798 -1.1181127 ]
 [ 8.78014951 -0.78909911 -0.72913864]]
####################
->>>->>->>y_pred
####################
mean: [[[1.02895141e+04 4.88848531e+04 6.43563277e+03]
  [1.00407370e+04 4.75256641e+04 7.09759892e+03]]

 [[4.68686681e+03 1.88611853e+04 8.12947931e+02]
  [4.01048446e+03 1.71244335e+04 7.77082037e+02]]

 [[2.18190798e+04 8.46999437e+04 8.02797645e+03]
  [1.92060157e+04 7.90565010e+04 8.07648328e+03]]

 [[3.48076573e+03 1.90731995e+04 8.99034781e+02]
  [2.96745853e+03 1.63577488e+04 8.68792656e+02]]

 [[3.92665070e+03 1.47199084e+04 1.39144087e+03]
  [3.79340593e+03 1.46740799e+04 1.59051418e+03]]

 [[2.00657906e+03 6.85765808e+03 1.99762856e+02]
  [2.13028776e+03 8.19109666e+03 2.80615575e+02]]

 [[2.79486395e+04 1.05990449e+05 1.17619111e+04]
  [2.53009175e+04 1.01507918e+05 1.13431646e+04]]

 [[4.41007497e+04 2.57907475e+05 1.52167755e+04]
  [3.98333036e+04 2.50896854e+05 1.44508428e+04]]

 [[3.95560020e+04 1.80235846e+05 1.21491517e+04]
  [3.55421199e+04 1.74221466e+05 1.30314142e+04]]

 [[5.28789199e+04 1.86205440e+05 1.78776399e+04]
  [4.79923932e+04 1.94583565e+05 1.97300420e+04]]

 [[3.44025762e+04 1.23932432e+05 1.35429917e+04]
  [3.40947105e+04 1.22944640e+05 1.47196492e+04]]

 [[4.03871409e+04 1.32010921e+05 1.87929379e+04]
  [3.95544907e+04 1.29885115e+05 2.01803942e+04]]

 [[6.99879793e+04 2.16357824e+05 1.73971963e+04]
  [6.68836972e+04 2.12803723e+05 1.96695799e+04]]

 [[1.95995397e+04 8.35906292e+04 1.09808310e+04]
  [1.94172529e+04 8.23289000e+04 9.97384707e+03]]

 [[1.49863670e+04 4.53003069e+04 4.40132609e+03]
  [1.50181881e+04 4.54077565e+04 4.96505533e+03]]

 [[1.56118581e+04 5.74470345e+04 7.00010744e+03]
  [1.43850004e+04 5.70394662e+04 6.94253338e+03]]

 [[1.92919327e+04 9.46943316e+04 7.99773564e+03]
  [1.86006130e+04 9.04451901e+04 8.71019697e+03]]

 [[3.40081871e+04 1.22731093e+05 1.70487204e+04]
  [3.17211545e+04 1.20569870e+05 1.82579757e+04]]

 [[6.43730202e+03 3.21369844e+04 4.02271362e+03]
  [6.44055537e+03 3.20149343e+04 4.70751036e+03]]

 [[3.30176168e+03 1.26675289e+04 1.74670945e+03]
  [3.23268200e+03 1.22191016e+04 1.95021636e+03]]

 [[2.97695785e+03 1.25472083e+04 1.21483388e+03]
  [2.99126304e+03 1.26681275e+04 1.48160945e+03]]

 [[4.79359679e+03 1.95476751e+04 1.20372814e+03]
  [5.01383785e+03 1.98114844e+04 1.50867771e+03]]

 [[2.91444288e+03 2.52776968e+04 3.25186028e+03]
  [2.40636101e+03 2.73235875e+04 2.98605149e+03]]

 [[1.09223655e+05 4.20347155e+05 4.06991905e+04]
  [1.00338645e+05 4.10376035e+05 4.30973198e+04]]

 [[6.81096019e+04 2.20743572e+05 2.71598261e+04]
  [6.33460584e+04 2.19633089e+05 2.67908526e+04]]

 [[2.64257360e+04 1.02821747e+05 1.32995171e+04]
  [2.46974809e+04 1.00794483e+05 1.19530361e+04]]

 [[7.47292078e+04 1.87757596e+05 1.34281964e+04]
  [7.20879974e+04 1.90374700e+05 1.53023023e+04]]

 [[3.49347596e+04 1.14785574e+05 1.31096668e+04]
  [3.29801815e+04 1.14029983e+05 1.39178359e+04]]

 [[2.15197807e+04 1.28075542e+05 8.20767689e+03]
  [2.00420685e+04 1.26592716e+05 9.77721556e+03]]

 [[9.48060391e+03 2.69672216e+04 2.24617452e+03]
  [9.27474084e+03 2.57059881e+04 2.50627109e+03]]

 [[3.52593129e+04 9.91722669e+04 1.03534202e+04]
  [3.40540034e+04 9.76034106e+04 1.17045860e+04]]

 [[2.25005549e+04 6.71356039e+04 7.90884119e+03]
  [2.08509851e+04 6.64551054e+04 9.85190947e+03]]

 [[2.50637422e+04 5.64667256e+04 4.25453222e+03]
  [2.33541913e+04 5.50348555e+04 4.34295319e+03]]

 [[4.37433786e+04 1.39254707e+05 1.30489140e+04]
  [4.03194282e+04 1.34409068e+05 1.51065040e+04]]

 [[2.28428556e+04 6.86948518e+04 5.85329266e+03]
  [2.37523462e+04 6.67976701e+04 7.12298371e+03]]

 [[3.54679616e+04 1.12496589e+05 9.74344915e+03]
  [3.46488324e+04 1.09409967e+05 1.03272008e+04]]

 [[2.87944868e+04 7.46625345e+04 1.05979786e+04]
  [2.90933547e+04 7.57938857e+04 1.21497596e+04]]

 [[1.53020969e+05 5.58705113e+05 6.75079186e+04]
  [1.48731766e+05 5.51162181e+05 6.90530527e+04]]

 [[3.80141844e+04 1.52403598e+05 1.67662172e+04]
  [3.77249209e+04 1.50262581e+05 1.84444982e+04]]

 [[2.34954417e+04 1.04514311e+05 1.60342478e+04]
  [2.38986917e+04 1.08352699e+05 1.95986094e+04]]

 [[6.13748529e+03 2.08898820e+04 1.88463271e+03]
  [6.30334912e+03 2.09906843e+04 2.06296659e+03]]

 [[6.01996009e+03 1.88707344e+04 2.38530547e+03]
  [3.94031385e+03 2.12560226e+04 2.77966360e+03]]

 [[2.23425260e+04 4.34205190e+04 1.13739551e+04]
  [1.88722585e+04 4.40191393e+04 1.31556022e+04]]

 [[1.70708449e+04 5.14208199e+04 8.72033521e+03]
  [1.72693677e+04 5.30049866e+04 1.16566457e+04]]

 [[1.26124034e+04 6.84629179e+04 8.72167870e+03]
  [1.28350225e+04 6.78300039e+04 9.39297357e+03]]

 [[1.76041890e+03 8.78004244e+03 6.10538662e+02]
  [1.77904745e+03 8.89893097e+03 7.82021581e+02]]

 [[3.51531867e+03 1.52162788e+04 2.07440256e+03]
  [4.05683608e+03 1.77924126e+04 3.02675129e+03]]

 [[1.97429276e+05 6.56317166e+05 1.71167559e+05]
  [1.88301352e+05 6.37188557e+05 1.76580091e+05]]

 [[6.80493728e+03 3.31253531e+04 5.45870962e+03]
  [6.03294682e+03 3.10869785e+04 5.63307463e+03]]

 [[1.84973396e+04 9.05108930e+04 1.07437674e+04]
  [1.68888719e+04 9.13089565e+04 1.31471716e+04]]

 [[5.11266923e+04 1.70902053e+05 2.74452548e+04]
  [4.91834219e+04 1.73671221e+05 3.17983567e+04]]

 [[9.14989965e+03 2.44991891e+04 4.06791122e+03]
  [8.25120676e+03 2.31569217e+04 3.79287156e+03]]]
median: [[[1.02910e+04 4.88860e+04 6.43300e+03]
  [1.00400e+04 4.75240e+04 7.09900e+03]]

 [[4.68700e+03 1.88610e+04 8.13000e+02]
  [4.01000e+03 1.71250e+04 7.77000e+02]]

 [[2.18220e+04 8.46980e+04 8.02700e+03]
  [1.92060e+04 7.90560e+04 8.07700e+03]]

 [[3.48000e+03 1.90740e+04 8.98000e+02]
  [2.96700e+03 1.63580e+04 8.68000e+02]]

 [[3.92900e+03 1.47180e+04 1.39000e+03]
  [3.79300e+03 1.46740e+04 1.59000e+03]]

 [[2.00600e+03 6.85800e+03 1.99000e+02]
  [2.13000e+03 8.19100e+03 2.80000e+02]]

 [[2.79530e+04 1.05988e+05 1.17620e+04]
  [2.53010e+04 1.01508e+05 1.13430e+04]]

 [[4.41040e+04 2.57899e+05 1.52260e+04]
  [3.98330e+04 2.50902e+05 1.44390e+04]]

 [[3.95520e+04 1.80240e+05 1.21460e+04]
  [3.55410e+04 1.74220e+05 1.30350e+04]]

 [[4.69330e+04 1.92276e+05 1.77310e+04]
  [4.79880e+04 1.94473e+05 1.98730e+04]]

 [[3.44030e+04 1.23932e+05 1.35420e+04]
  [3.40950e+04 1.22945e+05 1.47190e+04]]

 [[4.03870e+04 1.32014e+05 1.87880e+04]
  [3.95540e+04 1.29883e+05 2.01840e+04]]

 [[6.99890e+04 2.16357e+05 1.73970e+04]
  [6.68840e+04 2.12804e+05 1.96690e+04]]

 [[1.96000e+04 8.35900e+04 1.09810e+04]
  [1.94170e+04 8.23300e+04 9.97300e+03]]

 [[1.49870e+04 4.53010e+04 4.40000e+03]
  [1.50180e+04 4.54080e+04 4.96600e+03]]

 [[1.56120e+04 5.74470e+04 6.99900e+03]
  [1.43850e+04 5.70400e+04 6.94200e+03]]

 [[1.92910e+04 9.46970e+04 7.99200e+03]
  [1.86000e+04 9.04420e+04 8.71600e+03]]

 [[3.40150e+04 1.22735e+05 1.70390e+04]
  [3.17210e+04 1.20564e+05 1.82670e+04]]

 [[6.44000e+03 3.21360e+04 4.02000e+03]
  [6.44000e+03 3.20130e+04 4.71000e+03]]

 [[3.30200e+03 1.26680e+04 1.74600e+03]
  [3.23200e+03 1.22190e+04 1.95100e+03]]

 [[2.97700e+03 1.25470e+04 1.21400e+03]
  [2.99100e+03 1.26680e+04 1.48200e+03]]

 [[4.79800e+03 1.95450e+04 1.20300e+03]
  [5.01400e+03 1.98120e+04 1.50800e+03]]

 [[2.91800e+03 2.52730e+04 3.25400e+03]
  [2.40700e+03 2.73240e+04 2.98300e+03]]

 [[1.09230e+05 4.20345e+05 4.06910e+04]
  [1.00338e+05 4.10371e+05 4.31050e+04]]

 [[6.81210e+04 2.20741e+05 2.71490e+04]
  [6.33450e+04 2.19626e+05 2.68010e+04]]

 [[2.64290e+04 1.02788e+05 1.33420e+04]
  [2.46970e+04 1.00825e+05 1.19040e+04]]

 [[7.47270e+04 1.87763e+05 1.34270e+04]
  [7.20890e+04 1.90373e+05 1.53020e+04]]

 [[3.49390e+04 1.14782e+05 1.31090e+04]
  [3.29790e+04 1.14030e+05 1.39180e+04]]

 [[2.15190e+04 1.28083e+05 8.20000e+03]
  [2.00420e+04 1.26588e+05 9.78300e+03]]

 [[9.48300e+03 2.69650e+04 2.24500e+03]
  [9.27400e+03 2.57060e+04 2.50600e+03]]

 [[3.52610e+04 9.91730e+04 1.03480e+04]
  [3.40550e+04 9.76000e+04 1.17100e+04]]

 [[2.25050e+04 6.71440e+04 7.89600e+03]
  [2.08500e+04 6.64460e+04 9.86400e+03]]

 [[2.50640e+04 5.64660e+04 4.25400e+03]
  [2.33550e+04 5.50350e+04 4.34200e+03]]

 [[4.37440e+04 1.39257e+05 1.30470e+04]
  [4.03190e+04 1.34408e+05 1.51080e+04]]

 [[2.28380e+04 6.87030e+04 5.84300e+03]
  [2.37520e+04 6.67940e+04 7.13000e+03]]

 [[3.54690e+04 1.12496e+05 9.74200e+03]
  [3.46480e+04 1.09410e+05 1.03280e+04]]

 [[2.87940e+04 7.46620e+04 1.05980e+04]
  [2.90930e+04 7.57950e+04 1.21490e+04]]

 [[1.53020e+05 5.58709e+05 6.75030e+04]
  [1.48730e+05 5.51160e+05 6.90570e+04]]

 [[3.80180e+04 1.52397e+05 1.67750e+04]
  [3.77250e+04 1.50268e+05 1.84340e+04]]

 [[2.34950e+04 1.04516e+05 1.60340e+04]
  [2.38980e+04 1.08353e+05 1.95990e+04]]

 [[6.13900e+03 2.08890e+04 1.88400e+03]
  [6.30300e+03 2.09910e+04 2.06200e+03]]

 [[3.91600e+03 2.09260e+04 2.40400e+03]
  [3.94000e+03 2.12690e+04 2.76100e+03]]

 [[2.23420e+04 4.34250e+04 1.13700e+04]
  [1.88720e+04 4.40160e+04 1.31590e+04]]

 [[1.70720e+04 5.14430e+04 8.68800e+03]
  [1.72690e+04 5.29800e+04 1.16880e+04]]

 [[1.26110e+04 6.84630e+04 8.72100e+03]
  [1.28350e+04 6.78300e+04 9.39200e+03]]

 [[1.76000e+03 8.78100e+03 6.10000e+02]
  [1.77900e+03 8.89900e+03 7.82000e+02]]

 [[3.51500e+03 1.52180e+04 2.07200e+03]
  [4.05600e+03 1.77910e+04 3.02800e+03]]

 [[1.97437e+05 6.56444e+05 1.71025e+05]
  [1.88301e+05 6.37056e+05 1.76723e+05]]

 [[6.80500e+03 3.31280e+04 5.45500e+03]
  [6.03300e+03 3.10840e+04 5.63600e+03]]

 [[1.84920e+04 9.05360e+04 1.07200e+04]
  [1.68890e+04 9.12920e+04 1.31680e+04]]

 [[5.11270e+04 1.71254e+05 2.70670e+04]
  [4.91840e+04 1.73330e+05 3.21770e+04]]

 [[9.15100e+03 2.44980e+04 4.06800e+03]
  [8.25100e+03 2.31580e+04 3.79200e+03]]]
std: [[[  139.37070631   168.79705385   116.19433075]
  [  129.92513896   164.48062451   120.74879012]]

 [[   86.29707384    91.10865198    38.53489354]
  [   79.83309054    85.20594223    37.65607879]]

 [[  194.05513733   212.39350133   124.75848817]
  [  177.92441699   202.61196      125.12113828]]

 [[   78.03397297    84.43533312    41.19122111]
  [   69.89650782    77.60176433    40.73574738]]

 [[   86.22470877    93.31459778    50.96770586]
  [   76.73772524    87.66855068    54.03096102]]

 [[   58.85095453    60.33228995    19.87049368]
  [   60.071674      63.10991597    23.65345281]]

 [[  242.94101724   263.71715108   147.10576949]
  [  205.4234404    233.26575706   145.46030805]]

 [[  297.97664982   347.90344679   198.75395733]
  [  264.98551712   316.44829296   198.80877553]]

 [[  273.1234337    304.58997639   160.53703717]
  [  246.36898073   283.88802673   166.51950733]]

 [[19858.80245998 19431.5220435    892.16625284]
  [  304.34552136   929.63150743   895.1252047 ]]

 [[  240.439488     267.70576673   159.81574477]
  [  234.34761757   264.87609689   164.43518233]]

 [[  250.48708653   292.49608761   195.24697563]
  [  249.54453626   292.75663873   199.40632334]]

 [[  331.89775496   356.10402911   181.13199489]
  [  323.33750578   350.92721774   192.37835076]]

 [[  181.57682168   215.48409755   142.32796055]
  [  179.20208631   208.69288087   136.86428379]]

 [[  155.16345878   169.15650349    92.55937645]
  [  151.70130743   166.92488291    98.05041137]]

 [[  162.66959242   183.45248      111.71130365]
  [  154.27279819   175.26345991   110.91232139]]

 [[  185.70249946   217.67210979   136.31529403]
  [  176.67078381   213.81938884   142.06616714]]

 [[  253.22609805   304.5798885    202.45983166]
  [  229.30758641   284.90420047   205.68720114]]

 [[  111.69057415   132.1008098     91.64977572]
  [  103.63873375   132.16482245    97.0358608 ]]

 [[   75.01826226    85.50971387    57.8038095 ]
  [   70.91641295    84.61780176    60.22111068]]

 [[   69.17569379    78.75864919    50.18658239]
  [   69.0933659     80.75809195    54.70509502]]

 [[   99.19493791   103.68105046    49.1596288 ]
  [   89.61728848    99.05902253    55.22115872]]

 [[   90.39497262   123.83613387    84.68596284]
  [   75.46061097   104.29914822    82.28198256]]

 [[  470.77376847   524.83057896   299.82377015]
  [  411.34771864   482.77061189   306.93983576]]

 [[  370.24141174   413.90487253   245.26065418]
  [  321.42744468   376.33143291   244.143336  ]]

 [[  226.78683467   324.85370265   253.05177311]
  [  201.29369209   308.36342992   254.37542923]]

 [[  339.15313233   360.11212439   168.03732452]
  [  328.78016574   352.47920771   180.68272042]]

 [[  245.58733587   266.14314546   156.2528038 ]
  [  231.62235609   259.20956508   160.18876442]]

 [[  196.00013619   237.20305785   145.29752178]
  [  188.25055038   232.05332698   153.79795233]]

 [[  129.86727341   138.92642438    65.54582481]
  [  117.92513735   126.90006743    69.20839661]]

 [[  237.10427458   263.68308817   154.83312061]
  [  228.45118757   260.92420331   164.31048591]]

 [[  204.72061893   242.07370422   156.66147532]
  [  180.97749809   229.46544904   167.91939018]]

 [[  193.05711485   201.79518635    93.63329242]
  [  182.95948976   193.54783744    94.87509313]]

 [[  265.92746851   292.11132274   160.44463639]
  [  252.29004654   282.91944218   171.02333615]]

 [[  202.22289428   229.00100066   129.83248552]
  [  191.73066361   216.79146499   135.99329514]]

 [[  240.71369596   262.66139715   143.80173991]
  [  232.44353196   256.00426568   146.48467103]]

 [[  209.36999463   227.61065692   139.10892436]
  [  210.00834258   230.92240045   147.31598777]]

 [[  537.73527204   604.96987033   361.79173659]
  [  494.6104815    570.01650367   365.61457781]]

 [[  266.0783771    306.11234894   197.67942805]
  [  249.14837763   303.68572358   207.47411561]]

 [[  197.79756469   239.62366583   169.44010174]
  [  200.09156155   248.89146385   184.66532444]]

 [[  105.2612226    112.84791639    59.67499195]
  [   99.09254487   107.92609961    61.91310284]]

 [[ 3704.7451686   3632.59185128   110.21253182]
  [   81.25221319   132.62068713   113.01070866]]

 [[  182.46417313   208.52419686   148.59877814]
  [  169.40827373   201.99096051   155.99091039]]

 [[  173.54155119   244.68097318   210.27114467]
  [  164.18038849   258.29889195   225.00902051]]

 [[  152.3395413    184.66292572   129.50261003]
  [  148.44178693   185.91305701   133.91708249]]

 [[   55.46640186    63.18402873    34.04764372]
  [   53.84612264    62.95832354    38.01600308]]

 [[   77.25593591    97.06524052    66.6622312 ]
  [   81.49672094   103.83088126    77.8697691 ]]

 [[  596.92539592  1074.09549026   992.31696399]
  [  558.00745698  1092.60973916  1003.43654168]]

 [[  110.09075667   141.56849763   105.3816958 ]
  [  101.4765777    137.99823279   106.67356693]]

 [[  200.7251942    301.53700533   210.74171232]
  [  172.34866638   262.35577436   215.13632091]]

 [[  290.37549997  1021.7257518    963.45744103]
  [  284.45769886  1006.48152142   976.61335662]]

 [[  117.95180501   130.88407661    86.20936006]
  [  110.6168958    125.56805853    83.04381108]]]
95 confidence interval:[[[[1.00280000e+04 4.85510000e+04 6.21700000e+03]
   [9.78700000e+03 4.72060000e+04 6.85400000e+03]]

  [[4.51800000e+03 1.86820000e+04 7.38000000e+02]
   [3.85500000e+03 1.69560000e+04 7.05000000e+02]]

  [[2.14370000e+04 8.42890000e+04 7.78600000e+03]
   [1.88580000e+04 7.86600000e+04 7.83100000e+03]]

  [[3.33200000e+03 1.89080000e+04 8.20000000e+02]
   [2.83100000e+03 1.62060000e+04 7.90000000e+02]]

  [[3.75700000e+03 1.45450000e+04 1.29500000e+03]
   [3.64400000e+03 1.45030000e+04 1.48500000e+03]]

  [[1.89400000e+03 6.73800000e+03 1.62000000e+02]
   [2.01300000e+03 8.06700000e+03 2.36000000e+02]]

  [[2.75110000e+04 1.05505000e+05 1.14750000e+04]
   [2.48980000e+04 1.01052000e+05 1.10580000e+04]]

  [[4.35480000e+04 2.57262000e+05 1.47780000e+04]
   [3.93160000e+04 2.50257975e+05 1.40940000e+04]]

  [[3.90430000e+04 1.79639000e+05 1.18460000e+04]
   [3.50590000e+04 1.73671000e+05 1.26930000e+04]]

  [[4.63470000e+04 1.20720000e+05 1.57070000e+04]
   [4.74340000e+04 1.92361975e+05 1.73720000e+04]]

  [[3.39310000e+04 1.23407000e+05 1.32320000e+04]
   [3.36360000e+04 1.22424000e+05 1.43980000e+04]]

  [[3.98970000e+04 1.31431000e+05 1.84270000e+04]
   [3.90690000e+04 1.29316000e+05 1.97760000e+04]]

  [[6.93370000e+04 2.15663000e+05 1.70440000e+04]
   [6.62520000e+04 2.12115000e+05 1.92950000e+04]]

  [[1.92449750e+04 8.31710000e+04 1.07030000e+04]
   [1.90670000e+04 8.19180000e+04 9.70700000e+03]]

  [[1.46850000e+04 4.49680000e+04 4.22300000e+03]
   [1.47210000e+04 4.50800000e+04 4.77100000e+03]]

  [[1.52930000e+04 5.70880000e+04 6.78100000e+03]
   [1.40830000e+04 5.66960000e+04 6.72800000e+03]]

  [[1.89290000e+04 9.42580000e+04 7.74700000e+03]
   [1.82550000e+04 9.00360000e+04 8.41100000e+03]]

  [[3.35020000e+04 1.22114000e+05 1.66880000e+04]
   [3.12720000e+04 1.20031000e+05 1.78250000e+04]]

  [[6.22400000e+03 3.18820000e+04 3.85300000e+03]
   [6.23800000e+03 3.17610000e+04 4.51000000e+03]]

  [[3.15500000e+03 1.24990000e+04 1.63600000e+03]
   [3.09500000e+03 1.20540000e+04 1.83000000e+03]]

  [[2.84100000e+03 1.23930000e+04 1.12000000e+03]
   [2.85600000e+03 1.25090000e+04 1.37300000e+03]]

  [[4.59200000e+03 1.93550000e+04 1.10900000e+03]
   [4.83900000e+03 1.96160000e+04 1.40300000e+03]]

  [[2.74300000e+03 2.50550000e+04 3.07600000e+03]
   [2.25800000e+03 2.71170000e+04 2.83400000e+03]]

  [[1.08376000e+05 4.19371000e+05 4.01410000e+04]
   [9.95340000e+04 4.09446000e+05 4.24800000e+04]]

  [[6.74250000e+04 2.19962000e+05 2.67150000e+04]
   [6.27220000e+04 2.18914000e+05 2.62590000e+04]]

  [[2.60030000e+04 1.02281000e+05 1.26470000e+04]
   [2.43040000e+04 1.00076000e+05 1.15770000e+04]]

  [[7.40770000e+04 1.87050000e+05 1.31020000e+04]
   [7.14440000e+04 1.89686000e+05 1.49450000e+04]]

  [[3.44650000e+04 1.14281000e+05 1.28070000e+04]
   [3.25299750e+04 1.13524000e+05 1.36010000e+04]]

  [[2.11420000e+04 1.27587975e+05 7.95500000e+03]
   [1.96730000e+04 1.26151000e+05 9.46600000e+03]]

  [[9.23400000e+03 2.67050000e+04 2.12100000e+03]
   [9.04500000e+03 2.54560000e+04 2.37100000e+03]]

  [[3.48000000e+04 9.86540000e+04 1.00690000e+04]
   [3.36050000e+04 9.70990000e+04 1.13620000e+04]]

  [[2.21130000e+04 6.66360000e+04 7.65900000e+03]
   [2.04970000e+04 6.60380000e+04 9.49500000e+03]]

  [[2.46890000e+04 5.60760000e+04 4.07100000e+03]
   [2.29940000e+04 5.46560000e+04 4.15900000e+03]]

  [[4.32210000e+04 1.38679000e+05 1.27400000e+04]
   [3.98240000e+04 1.33857000e+05 1.47670000e+04]]

  [[2.24680000e+04 6.82350000e+04 5.63100000e+03]
   [2.33800000e+04 6.63830000e+04 6.84300000e+03]]

  [[3.49990000e+04 1.11984000e+05 9.46500000e+03]
   [3.41940000e+04 1.08907000e+05 1.00360000e+04]]

  [[2.83830000e+04 7.42190000e+04 1.03240000e+04]
   [2.86850000e+04 7.53400000e+04 1.18640000e+04]]

  [[1.52008000e+05 5.57540000e+05 6.68110000e+04]
   [1.47765975e+05 5.50052975e+05 6.83210000e+04]]

  [[3.74910000e+04 1.51830000e+05 1.63360000e+04]
   [3.72360000e+04 1.49645000e+05 1.80630000e+04]]

  [[2.31090000e+04 1.04042000e+05 1.57040000e+04]
   [2.35080000e+04 1.07866000e+05 1.92370000e+04]]

  [[5.93700000e+03 2.06740000e+04 1.76800000e+03]
   [6.11000000e+03 2.07790000e+04 1.94300000e+03]]

  [[3.73600000e+03 1.24690000e+04 2.09000000e+03]
   [3.78200000e+03 2.09420000e+04 2.61100000e+03]]

  [[2.19850000e+04 4.29910000e+04 1.10970000e+04]
   [1.85400000e+04 4.36340000e+04 1.28370000e+04]]

  [[1.67449750e+04 5.07720000e+04 8.43100000e+03]
   [1.69470000e+04 5.25840000e+04 1.09930000e+04]]

  [[1.23210000e+04 6.81010000e+04 8.46900000e+03]
   [1.25450000e+04 6.74650000e+04 9.13200000e+03]]

  [[1.65400000e+03 8.65300000e+03 5.45000000e+02]
   [1.67500000e+03 8.77500000e+03 7.09000000e+02]]

  [[3.36400000e+03 1.50210000e+04 1.95100000e+03]
   [3.89800000e+03 1.75910000e+04 2.87000000e+03]]

  [[1.96281000e+05 6.53317000e+05 1.69917000e+05]
   [1.87209000e+05 6.35648000e+05 1.73377900e+05]]

  [[6.59100000e+03 3.28410000e+04 5.26300000e+03]
   [5.83500000e+03 3.08250000e+04 5.41200000e+03]]

  [[1.81520000e+04 8.98290000e+04 1.04390000e+04]
   [1.65530000e+04 9.08610000e+04 1.26430000e+04]]

  [[5.05600000e+04 1.67972000e+05 2.65760000e+04]
   [4.86250000e+04 1.72579000e+05 2.88530000e+04]]

  [[8.91900000e+03 2.42460000e+04 3.89800000e+03]
   [8.03500000e+03 2.29090000e+04 3.63300000e+03]]]


 [[[1.05520000e+04 4.92050000e+04 6.67200000e+03]
   [1.02970000e+04 4.78520000e+04 7.32900000e+03]]

  [[4.85600000e+03 1.90400000e+04 8.89000000e+02]
   [4.16800000e+03 1.72910000e+04 8.53000000e+02]]

  [[2.21880000e+04 8.51180000e+04 8.27500000e+03]
   [1.95550000e+04 7.94540250e+04 8.32000000e+03]]

  [[3.63200000e+03 1.92350000e+04 9.81000000e+02]
   [3.10500000e+03 1.65100000e+04 9.49000000e+02]]

  [[4.08300000e+03 1.49060000e+04 1.49400000e+03]
   [3.94500000e+03 1.48450000e+04 1.69700000e+03]]

  [[2.12400000e+03 6.97400000e+03 2.40000000e+02]
   [2.24800000e+03 8.31400000e+03 3.28000000e+02]]

  [[2.83780000e+04 1.06475000e+05 1.20500000e+04]
   [2.57020000e+04 1.01968000e+05 1.16290000e+04]]

  [[4.46580000e+04 2.58588000e+05 1.55800000e+04]
   [4.03530250e+04 2.51503000e+05 1.49010000e+04]]

  [[4.00770000e+04 1.80810000e+05 1.24730000e+04]
   [3.60250000e+04 1.74784000e+05 1.33490000e+04]]

  [[1.20369000e+05 1.92973000e+05 2.02560000e+04]
   [4.85610000e+04 1.96941025e+05 2.18990000e+04]]

  [[3.48700000e+04 1.24455000e+05 1.38600000e+04]
   [3.45530000e+04 1.23463000e+05 1.50420000e+04]]

  [[4.08800000e+04 1.32578000e+05 1.91900000e+04]
   [4.00470000e+04 1.30463000e+05 2.05580000e+04]]

  [[7.06380000e+04 2.17063000e+05 1.77540000e+04]
   [6.75150000e+04 2.13491000e+05 2.00500000e+04]]

  [[1.99540000e+04 8.40130000e+04 1.12610000e+04]
   [1.97700000e+04 8.27360000e+04 1.02460000e+04]]

  [[1.52870000e+04 4.56280000e+04 4.58600000e+03]
   [1.53160000e+04 4.57350000e+04 5.15600000e+03]]

  [[1.59290000e+04 5.78080000e+04 7.22000000e+03]
   [1.46870000e+04 5.73820000e+04 7.16200000e+03]]

  [[1.96550000e+04 9.51150000e+04 8.28400000e+03]
   [1.89490000e+04 9.08780000e+04 8.97100000e+03]]

  [[3.44810000e+04 1.23314000e+05 1.74790000e+04]
   [3.21700000e+04 1.21154000e+05 1.86290000e+04]]

  [[6.64100000e+03 3.23910000e+04 4.21300000e+03]
   [6.64500000e+03 3.22780000e+04 4.89100000e+03]]

  [[3.44500000e+03 1.28330000e+04 1.86400000e+03]
   [3.37400000e+03 1.23850000e+04 2.06800000e+03]]

  [[3.11200000e+03 1.27020000e+04 1.31700000e+03]
   [3.12800000e+03 1.28270000e+04 1.58800000e+03]]

  [[4.97400000e+03 1.97580000e+04 1.30200000e+03]
   [5.19100000e+03 2.00050000e+04 1.61900000e+03]]

  [[3.07000000e+03 2.55260000e+04 3.41100000e+03]
   [2.55200000e+03 2.75270000e+04 3.16100000e+03]]

  [[1.10074000e+05 4.21309000e+05 4.13040000e+04]
   [1.01147000e+05 4.11346000e+05 4.36730000e+04]]

  [[6.87610000e+04 2.21497000e+05 2.76920000e+04]
   [6.39780000e+04 2.20401000e+05 2.72380000e+04]]

  [[2.68410000e+04 1.03574000e+05 1.36890000e+04]
   [2.50940000e+04 1.01322000e+05 1.26280000e+04]]

  [[7.53950000e+04 1.88447000e+05 1.37620000e+04]
   [7.27320000e+04 1.91067000e+05 1.56580000e+04]]

  [[3.53940000e+04 1.15299025e+05 1.34200000e+04]
   [3.34350000e+04 1.14538000e+05 1.42310000e+04]]

  [[2.19040000e+04 1.28517000e+05 8.50400000e+03]
   [2.04110000e+04 1.27065000e+05 1.00560000e+04]]

  [[9.72200000e+03 2.72320000e+04 2.37800000e+03]
   [9.50900000e+03 2.59540000e+04 2.64200000e+03]]

  [[3.57150000e+04 9.96800000e+04 1.06750000e+04]
   [3.45000000e+04 9.81250000e+04 1.20080000e+04]]

  [[2.28760000e+04 6.75680000e+04 8.24500000e+03]
   [2.12070000e+04 6.69380000e+04 1.01290000e+04]]

  [[2.54360000e+04 5.68590250e+04 4.43800000e+03]
   [2.37120000e+04 5.54150000e+04 4.53100000e+03]]

  [[4.42620000e+04 1.39825000e+05 1.33720000e+04]
   [4.08120000e+04 1.34966000e+05 1.54380000e+04]]

  [[2.32380000e+04 6.91060000e+04 6.14100000e+03]
   [2.41290000e+04 6.72350250e+04 7.36300000e+03]]

  [[3.59350000e+04 1.13010000e+05 1.00300000e+04]
   [3.51050000e+04 1.09914000e+05 1.06120000e+04]]

  [[2.92010000e+04 7.51110000e+04 1.08690000e+04]
   [2.95050000e+04 7.62450000e+04 1.24420000e+04]]

  [[1.54042000e+05 5.59856000e+05 6.82330000e+04]
   [1.49702000e+05 5.52284000e+05 6.97550000e+04]]

  [[3.85190000e+04 1.53013000e+05 1.71340000e+04]
   [3.82140000e+04 1.50845000e+05 1.89010000e+04]]

  [[2.38830000e+04 1.04984000e+05 1.63680000e+04]
   [2.42920000e+04 1.08840000e+05 1.99610000e+04]]

  [[6.33500000e+03 2.11090000e+04 2.00200000e+03]
   [6.49900000e+03 2.12010250e+04 2.18600000e+03]]

  [[1.25980000e+04 2.11430000e+04 2.54900000e+03]
   [4.10100000e+03 2.14790000e+04 3.08000000e+03]]

  [[2.27010000e+04 4.38190000e+04 1.16760000e+04]
   [1.92040000e+04 4.44280000e+04 1.34480000e+04]]

  [[1.74020000e+04 5.18130000e+04 9.34200000e+03]
   [1.75920000e+04 5.36730000e+04 1.19830000e+04]]

  [[1.29070000e+04 6.88220250e+04 8.97600000e+03]
   [1.31270000e+04 6.81920000e+04 9.65700000e+03]]

  [[1.87200000e+03 8.90100000e+03 6.79000000e+02]
   [1.88600000e+03 9.02200000e+03 8.58000000e+02]]

  [[3.66700000e+03 1.54020000e+04 2.21300000e+03]
   [4.21800000e+03 1.79990000e+04 3.17600000e+03]]

  [[1.98564000e+05 6.57855000e+05 1.74301050e+05]
   [1.89392025e+05 6.40513075e+05 1.77848000e+05]]

  [[7.01800000e+03 3.33960000e+04 5.68100000e+03]
   [6.23200000e+03 3.13690000e+04 5.83400000e+03]]

  [[1.88650000e+04 9.09550000e+04 1.13320250e+04]
   [1.72270000e+04 9.18940000e+04 1.34790000e+04]]

  [[5.16950000e+04 1.71996000e+05 3.04230000e+04]
   [4.97370000e+04 1.76614000e+05 3.27140000e+04]]

  [[9.37900000e+03 2.47580000e+04 4.23600000e+03]
   [8.46800000e+03 2.34020000e+04 3.95900000e+03]]]]
####################
